T	X	Y	HEADING	NOW_NUM
0.1114	0.0000	0.0000	45.0000	739183.045568
0.2290	0.0000	0.0000	45.0000	739183.045568
0.3433	0.0000	0.0000	45.0000	739183.045568
0.4597	0.0000	0.0000	45.0000	739183.045568
0.5704	0.0000	0.0000	45.0000	739183.045568
0.6707	0.0000	0.0000	30.0000	739183.045568
0.7900	0.0000	0.0000	12.0000	739183.045568
0.8917	0.0000	0.0000	6.0000	739183.045568
0.9959	0.0000	0.0000	6.0000	739183.045568
1.1071	0.0000	0.0000	6.0000	739183.045568
1.2085	0.0000	0.0000	6.0000	739183.045568
1.3162	-0.2984	0.0314	6.0000	739183.045568
1.4179	-0.2984	0.0314	6.0000	739183.045568
1.5421	-0.2984	0.0314	15.0000	739183.045568
1.6479	-0.2984	0.0314	30.0000	739183.045568
1.7629	-0.6231	0.2189	30.0000	739183.045568
1.8870	-0.9479	0.4064	30.0000	739183.045568
1.9926	-1.2077	0.5564	30.0000	739183.045568
2.1094	-1.6302	0.7060	12.0000	739183.045568
2.2226	-2.0035	0.7373	3.0000	739183.045568
2.3264	-2.4529	0.7609	3.0000	739183.045568
2.4369	-2.9772	0.7883	3.0000	739183.045568
2.5387	-3.4239	0.8353	12.0000	739183.045568
2.6468	-3.6377	0.9048	27.0000	739183.045568
2.7577	-3.6377	0.9048	42.0000	739183.045568
2.8658	-3.6377	0.9048	57.0000	739183.045568
2.9754	-3.6377	0.9048	72.0000	739183.045568
3.0792	-3.6377	0.9048	84.0000	739183.045568
3.1918	-3.6377	0.9048	99.0000	739183.045568
3.2993	-3.6377	0.9048	117.0000	739183.045568
3.4013	-3.6377	0.9048	132.0000	739183.045568
3.5157	-3.6377	0.9048	147.0000	739183.045568
3.6226	-3.6377	0.9048	165.0000	739183.045568
3.7374	-3.6377	0.9048	177.0000	739183.045568
3.8566	-3.6377	0.9048	177.0000	739183.045568
3.9653	-3.6377	0.9048	177.0000	739183.045568
4.0691	-3.6377	0.9048	189.0000	739183.045568
4.1722	-3.6377	0.9048	201.0000	739183.045568
4.2787	-3.6377	0.9048	216.0000	739183.045568
4.3969	-3.6377	0.9048	237.0000	739183.045568
4.5136	-3.6377	0.9048	249.0000	739183.045568
4.6239	-3.6377	0.9048	234.0000	739183.045568
4.7427	-3.6377	0.9048	216.0000	739183.045568
4.8610	-3.6377	0.9048	198.0000	739183.045568
4.9758	-3.6377	0.9048	183.0000	739183.045568
5.0796	-3.6377	0.9048	168.0000	739183.045568
5.1812	-3.6377	0.9048	153.0000	739183.045568
5.2880	-3.6377	0.9048	141.0000	739183.045568
5.4071	-3.6377	0.9048	126.0000	739183.045568
5.5125	-3.5357	1.1050	114.0000	739183.045568
5.6339	-3.4161	1.4604	108.0000	739183.045568
5.7360	-3.3002	1.8170	108.0000	739183.045568
5.8545	-3.1843	2.1737	108.0000	739183.045568
5.9614	-3.0916	2.4590	108.0000	739183.045568
6.0817	-2.9757	2.8156	108.0000	739183.045568
6.1990	-2.8598	3.1723	108.0000	739183.045568
6.3090	-2.7208	3.6003	108.0000	739183.045568
6.4221	-2.5817	4.0282	108.0000	739183.045568
6.5327	-2.4528	4.2985	120.0000	739183.045568
6.6347	-2.2174	4.5892	135.0000	739183.045568
6.7509	-1.8481	4.8430	153.0000	739183.045568
6.8566	-1.5658	4.9430	165.0000	739183.045568
6.9783	-1.4190	4.9742	156.0000	739183.045568
7.0926	-1.4190	4.9742	141.0000	739183.045568
7.2076	-1.4190	4.9742	123.0000	739183.045568
7.3103	-1.4190	4.9742	108.0000	739183.045568
7.4217	-1.4190	4.9742	114.0000	739183.045568
7.5347	-1.4190	4.9742	135.0000	739183.045568
7.6426	-1.4190	4.9742	153.0000	739183.045568
7.7453	-1.4190	4.9742	171.0000	739183.045568
7.8592	-1.4190	4.9742	189.0000	739183.045568
7.9696	-1.4190	4.9742	207.0000	739183.045568
8.0755	-1.3633	4.9240	222.0000	739183.045568
8.1829	-1.0846	4.6731	222.0000	739183.045568
8.2830	-0.8086	4.4193	225.0000	739183.045568
8.3878	-0.7711	4.3544	240.0000	739183.045568
8.4931	-0.6215	3.9319	258.0000	739183.045568
8.6007	-0.6020	3.5584	273.0000	739183.045568
8.7131	-0.6565	3.2639	291.0000	739183.045568
8.8347	-0.6565	3.2639	306.0000	739183.045568
8.9591	-0.6565	3.2639	321.0000	739183.045568
9.0666	-0.6565	3.2639	336.0000	739183.045568
9.1811	-0.6565	3.2639	354.0000	739183.045568
9.2912	-0.6565	3.2639	369.0000	739183.045568
9.4027	-0.6565	3.2639	387.0000	739183.045568
9.5124	-0.6565	3.2639	405.0000	739183.045568
9.6187	-0.6565	3.2639	420.0000	739183.045568
9.7331	-0.6565	3.2639	441.0000	739183.045568
9.8396	-0.6683	3.4886	447.0000	739183.045568
9.9516	-0.6919	3.9380	447.0000	739183.045568
10.0630	-0.7115	4.3125	447.0000	739183.045568
10.1645	-0.7311	4.6870	447.0000	739183.045568
10.2688	-0.8357	5.1228	429.0000	739183.045568
10.3773	-1.0699	5.5050	411.0000	739183.045568
10.4864	-1.3479	5.7552	396.0000	739183.045568
10.6026	-1.5425	5.8676	381.0000	739183.045568
10.7124	-1.5425	5.8676	366.0000	739183.045568
10.8167	-1.8416	5.8480	354.0000	739183.045568
10.9323	-2.2891	5.8010	354.0000	739183.045568
11.0463	-2.8113	5.7461	354.0000	739183.045568
11.1558	-3.1842	5.7069	354.0000	739183.045568
11.2728	-3.5572	5.6677	354.0000	739183.045568
11.3889	-3.9311	5.6520	363.0000	739183.045568
11.5025	-4.4429	5.7648	375.0000	739183.045568
11.6250	-4.8052	5.8619	375.0000	739183.045568
11.7448	-4.8052	5.8619	375.0000	739183.045568
11.8575	-4.9542	5.8736	360.0000	739183.045568
11.9722	-5.4021	5.8305	354.0000	739183.045568
12.0856	-5.7750	5.7913	354.0000	739183.045568
12.1959	-6.0737	5.7638	360.0000	739183.045568
12.2960	-6.0737	5.7638	375.0000	739183.045568
12.4074	-6.0737	5.7638	393.0000	739183.045568
12.5215	-6.2824	5.9781	411.0000	739183.045568
0.1037	0.0000	0.0000	45.0000	739183.053481
0.2107	0.0000	0.0000	45.0000	739183.053481
0.3144	0.0000	0.0000	45.0000	739183.053481
0.4297	0.0000	0.0000	45.0000	739183.053481
0.5422	0.0000	0.0000	45.0000	739183.053481
0.6571	0.0000	0.0000	45.0000	739183.053481
0.7605	0.0000	0.0000	45.0000	739183.053481
0.8730	0.0000	0.0000	45.0000	739183.053481
0.9886	0.0000	0.0000	45.0000	739183.053481
1.0929	0.0000	0.0000	45.0000	739183.053481
1.2071	0.0000	0.0000	45.0000	739183.053481
1.3156	0.0000	0.0000	33.0000	739183.053481
1.4281	0.0000	0.0000	18.0000	739183.053481
1.5429	0.0000	0.0000	18.0000	739183.053481
1.6599	0.0000	0.0000	18.0000	739183.053481
1.7770	-0.2140	0.0695	18.0000	739183.053481
1.8913	-0.6420	0.2086	18.0000	739183.053481
2.0003	-0.6420	0.2086	30.0000	739183.053481
2.1007	-0.8936	0.3720	33.0000	739183.053481
2.2075	-1.2710	0.6171	33.0000	739183.053481
2.3156	-1.6851	0.7886	15.0000	739183.053481
2.4192	-2.1319	0.8238	-3.0000	739183.053481
2.5315	-2.5794	0.7767	-6.0000	739183.053481
2.6386	-2.7293	0.7728	9.0000	739183.053481
2.7465	-2.7293	0.7728	24.0000	739183.053481
2.8592	-2.7293	0.7728	45.0000	739183.053481
2.9648	-2.7293	0.7728	60.0000	739183.053481
3.0796	-2.7293	0.7728	45.0000	739183.053481
3.2022	-2.9158	0.8986	33.0000	739183.053481
3.3094	-3.2566	1.1897	48.0000	739183.053481
3.4242	-3.5177	1.6418	69.0000	739183.053481
3.5381	-3.5993	2.0825	87.0000	739183.053481
3.6432	-3.5993	2.1575	99.0000	739183.053481
3.7598	-3.5759	2.3057	99.0000	739183.053481
3.8725	-3.5172	2.6761	99.0000	739183.053481
3.9766	-3.4468	3.1205	99.0000	739183.053481
4.0874	-3.3726	3.5643	102.0000	739183.053481
4.1905	-3.3531	3.6367	117.0000	739183.053481
4.2993	-3.3531	3.6367	135.0000	739183.053481
4.4025	-3.3531	3.6367	153.0000	739183.053481
4.5126	-3.3531	3.6367	168.0000	739183.053481
4.6268	-3.3531	3.6367	183.0000	739183.053481
4.7369	-3.3531	3.6367	189.0000	739183.053481
4.8411	-3.3531	3.6367	189.0000	739183.053481
4.9416	-3.3531	3.6367	189.0000	739183.053481
5.0425	-3.3531	3.6367	177.0000	739183.053481
5.1451	-3.3531	3.6367	168.0000	739183.053481
5.2526	-3.3531	3.6367	168.0000	739183.053481
5.3673	-3.3531	3.6367	147.0000	739183.053481
5.4715	-3.3531	3.6367	132.0000	739183.053481
5.5784	-3.2209	3.8187	126.0000	739183.053481
5.6863	-3.0446	4.0614	132.0000	739183.053481
5.7909	-3.0446	4.0614	150.0000	739183.053481
5.8977	-3.0446	4.0614	168.0000	739183.053481
6.0013	-2.9697	4.0654	177.0000	739183.053481
6.1164	-2.5203	4.0889	177.0000	739183.053481
6.2191	-2.1485	4.1319	165.0000	739183.053481
6.3215	-2.1485	4.1319	147.0000	739183.053481
6.4303	-2.1485	4.1319	147.0000	739183.053481
6.5426	-2.0047	4.1745	165.0000	739183.053481
6.6493	-1.5645	4.2681	168.0000	739183.053481
6.7700	-1.1977	4.3461	168.0000	739183.053481
6.8764	-0.8309	4.4240	168.0000	739183.053481
6.9996	-0.8309	4.4240	177.0000	739183.053481
7.1008	-0.8309	4.4240	177.0000	739183.053481
7.2044	-1.1305	4.4083	177.0000	739183.053481
7.3177	-1.5050	4.3887	177.0000	739183.053481
7.4216	-1.9544	4.3651	177.0000	739183.053481
7.5342	-2.4037	4.3416	177.0000	739183.053481
7.6495	-2.8531	4.3180	177.0000	739183.053481
7.7523	-3.3025	4.2945	177.0000	739183.053481
7.8612	-3.7519	4.2709	177.0000	739183.053481
7.9819	-3.8268	4.2670	177.0000	739183.053481
8.0826	-3.8268	4.2670	192.0000	739183.053481
8.1853	-3.8268	4.2670	210.0000	739183.053481
8.2941	-3.8268	4.2670	228.0000	739183.053481
8.4090	-3.8268	4.2670	249.0000	739183.053481
8.5273	-3.8033	4.0434	267.0000	739183.053481
8.6410	-3.8269	3.5191	273.0000	739183.053481
8.7420	-3.8504	3.0697	273.0000	739183.053481
8.8424	-3.7919	2.6253	255.0000	739183.053481
8.9590	-3.5549	2.1601	234.0000	739183.053481
9.0829	-3.1668	1.8107	213.0000	739183.053481
9.1990	-2.8965	1.6818	195.0000	739183.053481
9.2996	-2.8965	1.6818	180.0000	739183.053481
9.4004	-2.8965	1.6818	177.0000	739183.053481
9.5051	-2.8965	1.6818	195.0000	739183.053481
9.6207	-2.8965	1.6818	216.0000	739183.053481
9.7413	-2.8965	1.6818	234.0000	739183.053481
9.8561	-2.7335	1.3445	246.0000	739183.053481
9.9714	-2.5164	0.8665	243.0000	739183.053481
10.0785	-2.2435	0.5110	225.0000	739183.053481
10.1951	-1.8056	0.2266	204.0000	739183.053481
10.2993	-1.4444	0.1298	186.0000	739183.053481
10.4065	-1.0710	0.1494	171.0000	739183.053481
10.5173	-0.6345	0.2582	168.0000	739183.053481
10.6380	-0.1864	0.2699	186.0000	739183.053481
10.7417	-0.1118	0.2621	174.0000	739183.053481
10.8432	-0.1118	0.2621	156.0000	739183.053481
10.9460	-0.1118	0.2621	138.0000	739183.053481
11.0514	-0.1118	0.2621	123.0000	739183.053481
11.1765	-0.1118	0.2621	108.0000	739183.053481
11.2858	-0.1118	0.2621	93.0000	739183.053481
11.3920	-0.1470	0.4841	78.0000	739183.053481
11.4986	-0.2810	0.8333	60.0000	739183.053481
11.6144	-0.2810	0.8333	42.0000	739183.053481
11.7312	-0.2810	0.8333	27.0000	739183.053481
11.8380	-0.2810	0.8333	15.0000	739183.053481
11.9475	-0.5025	0.8723	9.0000	739183.053481
12.0603	-0.5025	0.8723	9.0000	739183.053481
12.1626	-0.5025	0.8723	9.0000	739183.053481
12.2790	-0.6524	0.8684	-3.0000	739183.053481
12.3891	-1.0182	0.7906	-18.0000	739183.053481
12.4920	-1.3754	0.6787	-12.0000	739183.053481
12.6022	-1.8234	0.6670	6.0000	739183.053481
12.7202	-2.2532	0.7943	24.0000	739183.053481
12.8263	-2.5958	0.9468	24.0000	739183.053481
12.9411	-2.9960	1.1507	33.0000	739183.053481
13.0441	-3.2739	1.4009	48.0000	739183.053481
13.1715	-3.5081	1.7831	66.0000	739183.053481
13.2847	-3.6049	2.1443	81.0000	739183.053481
13.3922	-3.5931	2.5924	99.0000	739183.053481
13.4962	-3.4435	3.0149	117.0000	739183.053481
13.6069	-3.2739	3.2617	135.0000	739183.053481
13.7235	-3.2739	3.2617	150.0000	739183.053481
13.8369	-3.2739	3.2617	150.0000	739183.053481
13.9455	-3.2739	3.2617	138.0000	739183.053481
14.0610	-3.2024	3.3935	117.0000	739183.053481
14.1640	-3.0287	3.7257	120.0000	739183.053481
14.2734	-2.7376	4.0665	138.0000	739183.053481
14.3855	-2.3554	4.3007	156.0000	739183.053481
14.4943	-1.9201	4.4092	171.0000	739183.053481
14.6050	-1.4756	4.4796	171.0000	739183.053481
14.7240	-1.1039	4.5266	177.0000	739183.053481
14.8268	-1.0289	4.5266	189.0000	739183.053481
14.9340	-1.0289	4.5266	201.0000	739183.053481
15.0466	-1.0289	4.5266	219.0000	739183.053481
15.1632	-1.0289	4.5266	237.0000	739183.053481
15.2733	-0.9164	4.3317	240.0000	739183.053481
15.3820	-0.6914	3.9420	240.0000	739183.053481
15.4904	-0.4664	3.5523	240.0000	739183.053481
15.5928	-0.4289	3.4874	246.0000	739183.053481
15.6983	-0.4289	3.4874	261.0000	739183.053481
15.8008	-0.4289	3.4874	279.0000	739183.053481
15.9078	-0.4289	3.4874	297.0000	739183.053481
16.0301	-0.4289	3.4874	318.0000	739183.053481
16.1454	-0.4289	3.4874	333.0000	739183.053481
16.2541	-0.4289	3.4874	348.0000	739183.053481
16.3686	-0.4289	3.4874	366.0000	739183.053481
16.4769	-0.4289	3.4874	384.0000	739183.053481
16.5875	-0.4289	3.4874	402.0000	739183.053481
16.6900	-0.4289	3.4874	420.0000	739183.053481
16.7958	-0.4289	3.4874	438.0000	739183.053481
16.8994	-0.4289	3.4874	432.0000	739183.053481
17.0068	-0.4289	3.4874	414.0000	739183.053481
17.1189	-0.4289	3.4874	399.0000	739183.053481
17.2200	-0.7204	3.7234	399.0000	739183.053481
17.3431	-1.0118	3.9594	402.0000	739183.053481
17.4573	-1.0118	3.9594	420.0000	739183.053481
17.5582	-1.0655	4.0994	429.0000	739183.053481
17.6786	-1.2376	4.5148	423.0000	739183.053481
17.7956	-1.5105	4.8704	405.0000	739183.053481
17.8999	-1.8798	5.1243	387.0000	739183.053481
18.0156	-2.3089	5.2554	372.0000	739183.053481
18.1208	-2.7557	5.2906	357.0000	739183.053481
18.2252	-3.1950	5.1972	345.0000	739183.053481
18.3362	-3.4865	5.1272	354.0000	739183.053481
18.4594	-3.8584	5.1663	372.0000	739183.053481
18.5723	-4.2931	5.2828	375.0000	739183.053481
18.6732	-4.7277	5.3992	375.0000	739183.053481
18.7753	-5.1624	5.5157	375.0000	739183.053481
18.8926	-5.5669	5.7087	393.0000	739183.053481
18.9938	-5.8703	5.9291	396.0000	739183.053481
