T	X	Y	HEADING	NOW_NUM
0.1082	0.0000	0.0000	45.0000	739177.993958
0.2248	0.0000	0.0000	45.0000	739177.993958
0.3415	0.0000	0.0000	45.0000	739177.993958
0.4579	0.0000	0.0000	45.0000	739177.993958
0.5580	0.0000	0.0000	45.0000	739177.993958
0.6747	0.0000	0.0000	45.0000	739177.993958
0.7908	0.0000	0.0000	45.0000	739177.993958
0.9076	0.0000	0.0000	45.0000	739177.993958
1.0240	0.0000	0.0000	45.0000	739177.993958
1.1242	0.0000	0.0000	45.0000	739177.993958
1.2244	0.0000	0.0000	45.0000	739177.993958
1.3410	0.0000	0.0000	45.0000	739177.993958
1.4575	0.0000	0.0000	45.0000	739177.993958
1.5742	0.0000	0.0000	45.0000	739177.993958
1.6745	0.0000	0.0000	45.0000	739177.993958
1.7746	0.0000	0.0000	45.0000	739177.993958
1.8906	0.0000	0.0000	45.0000	739177.993958
1.9911	0.0000	0.0000	45.0000	739177.993958
2.1077	0.0000	0.0000	45.0000	739177.993958
2.2240	0.0000	0.0000	45.0000	739177.993958
2.3247	0.0000	0.0000	45.0000	739177.993958
2.4405	0.0000	0.0000	45.0000	739177.993958
2.5407	0.0000	0.0000	45.0000	739177.993958
2.6408	0.0000	0.0000	45.0000	739177.993958
2.7409	0.0000	0.0000	45.0000	739177.993958
2.8575	0.0000	0.0000	45.0000	739177.993958
2.9739	0.0000	0.0000	45.0000	739177.993958
3.0904	0.0000	0.0000	45.0000	739177.993958
3.1904	0.0000	0.0000	33.0000	739177.993958
3.3076	0.0000	0.0000	21.0000	739177.993958
3.4236	0.0000	0.0000	21.0000	739177.993958
3.5236	0.0000	0.0000	21.0000	739177.993958
3.6402	0.0000	0.0000	21.0000	739177.993958
3.7403	0.0000	0.0000	21.0000	739177.993958
3.8407	0.0000	0.0000	24.0000	739177.993958
3.9568	0.0000	0.0000	42.0000	739177.993958
4.0572	-0.0557	0.0502	42.0000	739177.993958
4.1734	-0.4459	0.4015	42.0000	739177.993958
4.2739	-0.7803	0.7026	42.0000	739177.993958
4.3901	-0.9475	0.8531	33.0000	739177.993958
4.4905	-0.9475	0.8531	15.0000	739177.993958
4.6071	-0.9475	0.8531	-6.0000	739177.993958
4.7072	-0.9475	0.8531	-24.0000	739177.993958
4.8234	-1.0812	0.7850	-27.0000	739177.993958
4.9238	-1.4821	0.5807	-27.0000	739177.993958
5.0400	-1.8211	0.4212	-15.0000	739177.993958
5.1565	-1.8211	0.4212	0.0000	739177.993958
5.2567	-2.1961	0.4212	0.0000	739177.993958
5.3736	-2.7211	0.4212	0.0000	739177.993958
5.4899	-3.2461	0.4212	0.0000	739177.993958
5.6068	-3.7711	0.4212	0.0000	739177.993958
5.7071	-4.2211	0.4212	0.0000	739177.993958
5.8236	-4.7461	0.4212	0.0000	739177.993958
5.9403	-5.2568	0.5298	21.0000	739177.993958
6.0569	-5.6947	0.8141	42.0000	739177.993958
6.1731	-5.6947	0.8141	63.0000	739177.993958
6.2900	-5.6947	0.8141	84.0000	739177.993958
6.4066	-5.6947	0.8141	105.0000	739177.993958
6.5231	-5.6506	0.8748	126.0000	739177.993958
6.6396	-5.3203	1.2828	129.0000	739177.993958
6.7563	-5.1315	1.5160	129.0000	739177.993958
6.8730	-5.1315	1.5160	120.0000	739177.993958
6.9732	-5.1315	1.5160	102.0000	739177.993958
7.0898	-5.1315	1.5160	96.0000	739177.993958
7.1899	-5.1315	1.5160	96.0000	739177.993958
7.3061	-5.1315	1.5160	96.0000	739177.993958
7.4063	-5.1315	1.5160	87.0000	739177.993958
7.5227	-5.1315	1.5160	75.0000	739177.993958
7.6228	-5.1315	1.5160	75.0000	739177.993958
7.7394	-5.1315	1.5160	75.0000	739177.993958
7.8400	-5.1315	1.5160	75.0000	739177.993958
7.9561	-5.1315	1.5160	75.0000	739177.993958
8.0726	-5.1315	1.5160	75.0000	739177.993958
8.1895	-5.1315	1.5160	57.0000	739177.993958
8.3060	-5.1315	1.5160	45.0000	739177.993958
8.4226	-5.4497	1.8342	45.0000	739177.993958
8.5396	-5.8209	2.2054	45.0000	739177.993958
8.6558	-5.8209	2.2054	66.0000	739177.993958
8.7725	-5.8209	2.2054	87.0000	739177.993958
8.8891	-5.7973	2.7298	93.0000	739177.993958
8.9891	-5.7738	3.1792	93.0000	739177.993958
9.0895	-5.7464	3.4776	105.0000	739177.993958
9.2057	-5.7464	3.4776	126.0000	739177.993958
9.3058	-5.7464	3.4776	144.0000	739177.993958
9.4223	-5.7464	3.4776	165.0000	739177.993958
9.5226	-5.5217	3.4894	177.0000	739177.993958
9.6390	-4.9974	3.5169	177.0000	739177.993958
9.7391	-4.5480	3.5404	177.0000	739177.993958
9.8392	-4.0986	3.5640	177.0000	739177.993958
9.9558	-3.5743	3.5915	177.0000	739177.993958
10.0722	-3.0501	3.6189	177.0000	739177.993958
10.1889	-2.5258	3.6464	177.0000	739177.993958
10.2891	-2.0764	3.6700	177.0000	739177.993958
10.4055	-1.5521	3.6974	177.0000	739177.993958
10.5223	-1.0278	3.7249	177.0000	739177.993958
10.6387	-0.5122	3.8105	162.0000	739177.993958
10.7390	-0.1790	3.9803	144.0000	739177.993958
10.8390	-0.1790	3.9803	126.0000	739177.993958
10.9555	-0.1790	3.9803	105.0000	739177.993958
11.0721	-0.1790	3.9803	84.0000	739177.993958
11.1721	-0.1790	3.9803	66.0000	739177.993958
11.2726	-0.1790	3.9803	48.0000	739177.993958
11.3891	-0.1790	3.9803	27.0000	739177.993958
11.5056	-0.1790	3.9803	6.0000	739177.993958
11.6057	-0.1790	3.9803	-12.0000	739177.993958
11.7219	-0.6581	3.7713	-30.0000	739177.993958
11.8388	-1.1127	3.5088	-30.0000	739177.993958
11.9553	-1.5693	3.2497	-27.0000	739177.993958
12.0717	-2.0736	3.1146	-6.0000	739177.993958
12.1718	-2.5235	3.1107	0.0000	739177.993958
12.2884	-3.0485	3.1107	0.0000	739177.993958
12.4051	-3.5592	3.2192	21.0000	739177.993958
12.5053	-3.6277	3.2497	39.0000	739177.993958
12.6219	-3.6277	3.2497	60.0000	739177.993958
12.7385	-3.6277	3.2497	69.0000	739177.993958
12.8387	-3.6277	3.2497	69.0000	739177.993958
12.9551	-3.6277	3.2497	69.0000	739177.993958
13.0720	-3.6277	3.2497	69.0000	739177.993958
13.1882	-3.6277	3.2497	87.0000	739177.993958
13.3051	-3.6277	3.2497	108.0000	739177.993958
13.4213	-3.4270	3.6524	117.0000	739177.993958
13.5221	-3.2227	4.0533	117.0000	739177.993958
13.6388	-3.0900	4.3223	105.0000	739177.993958
13.7551	-3.0900	4.3223	84.0000	739177.993958
13.8552	-3.0900	4.3223	66.0000	739177.993958
13.9713	-3.0900	4.3223	45.0000	739177.993958
14.0881	-3.0900	4.3223	42.0000	739177.993958
14.2046	-3.2572	4.4729	42.0000	739177.993958
14.3213	-3.6474	4.8242	42.0000	739177.993958
14.4379	-3.7589	4.9245	42.0000	739177.993958
14.5382	-3.7589	4.9245	24.0000	739177.993958
14.6545	-3.7589	4.9245	15.0000	739177.993958
14.7548	-3.7589	4.9245	15.0000	739177.993958
14.8712	-3.9762	4.9828	15.0000	739177.993958
14.9716	-4.4109	5.0992	15.0000	739177.993958
15.0881	-4.6971	5.1881	30.0000	739177.993958
15.2044	-4.6971	5.1881	39.0000	739177.993958
15.3044	-4.9302	5.3769	39.0000	739177.993958
15.4045	-5.1051	5.5185	39.0000	739177.993958
15.5211	-5.1051	5.5185	39.0000	739177.993958
15.6378	-5.1051	5.5185	21.0000	739177.993958
15.7549	-5.1051	5.5185	18.0000	739177.993958
15.8709	-5.6044	5.6807	18.0000	739177.993958
15.9713	-5.8184	5.7503	27.0000	739177.993958
16.0876	-5.8686	5.8060	48.0000	739177.993958
16.1880	-6.1362	6.1677	54.0000	739177.993958
