T	X	Y	HEADING	NOW_NUM
0.1131	0.0000	0.0000	45.0000	739183.052142
0.2292	0.0000	0.0000	45.0000	739183.052142
0.3469	0.0000	0.0000	45.0000	739183.052142
0.4543	0.0000	0.0000	45.0000	739183.052142
0.5728	0.0000	0.0000	45.0000	739183.052142
0.6986	0.0000	0.0000	45.0000	739183.052142
0.8101	0.0000	0.0000	45.0000	739183.052142
0.9128	0.0000	0.0000	45.0000	739183.052142
1.0264	0.0000	0.0000	45.0000	739183.052142
1.1313	0.0000	0.0000	45.0000	739183.052142
1.2368	0.0000	0.0000	45.0000	739183.052142
1.3480	-0.3182	0.3182	45.0000	739183.052142
1.4539	-0.6364	0.6364	45.0000	739183.052142
1.5541	-0.8987	0.9043	48.0000	739183.052142
1.6666	-0.9900	1.0232	66.0000	739183.052142
1.7825	-0.9900	1.0232	87.0000	739183.052142
1.8877	-0.9900	1.0232	105.0000	739183.052142
1.9992	-0.9900	1.0232	114.0000	739183.052142
2.1036	-0.9627	1.1707	99.0000	739183.052142
2.2049	-0.9156	1.6182	96.0000	739183.052142
2.3282	-0.8686	2.0657	96.0000	739183.052142
2.4357	-0.8294	2.4387	96.0000	739183.052142
2.5532	-0.8255	2.5136	78.0000	739183.052142
2.6560	-0.8255	2.5136	63.0000	739183.052142
2.7669	-0.8255	2.5136	51.0000	739183.052142
2.8821	-0.8255	2.5136	36.0000	739183.052142
2.9831	-0.8255	2.5136	21.0000	739183.052142
3.1018	-0.8255	2.5136	3.0000	739183.052142
3.2126	-0.8255	2.5136	-15.0000	739183.052142
3.3129	-0.8255	2.5136	-30.0000	739183.052142
3.4315	-0.8255	2.5136	-48.0000	739183.052142
3.5493	-0.8255	2.5136	-66.0000	739183.052142
3.6642	-0.8255	2.5136	-84.0000	739183.052142
3.7812	-0.8255	2.5136	-102.0000	739183.052142
3.8910	-0.8255	2.5136	-117.0000	739183.052142
4.0034	-0.8255	2.5136	-132.0000	739183.052142
4.1156	-0.8255	2.5136	-147.0000	739183.052142
4.2319	-0.8255	2.5136	-162.0000	739183.052142
4.3387	-0.8255	2.5136	-177.0000	739183.052142
4.4589	-0.8255	2.5136	-192.0000	739183.052142
4.5622	-0.8255	2.5136	-207.0000	739183.052142
4.6755	-0.8255	2.5136	-222.0000	739183.052142
4.7962	-0.8255	2.5136	-240.0000	739183.052142
4.9120	-0.8255	2.5136	-258.0000	739183.052142
5.0240	-0.7745	2.9606	-264.0000	739183.052142
5.1423	-0.7275	3.4081	-264.0000	739183.052142
5.2613	-0.6883	3.7811	-264.0000	739183.052142
5.3656	-0.6413	4.2286	-264.0000	739183.052142
5.4712	-0.6021	4.6016	-264.0000	739183.052142
5.5809	-0.5550	5.0491	-264.0000	739183.052142
5.6902	-0.5080	5.4966	-264.0000	739183.052142
5.8003	-0.4727	5.8699	-270.0000	739183.052142
5.9023	-0.4727	5.8699	-285.0000	739183.052142
6.0023	-0.4727	5.8699	-300.0000	739183.052142
6.1060	-0.4727	5.8699	-315.0000	739183.052142
6.2203	-0.4727	5.8699	-330.0000	739183.052142
6.3363	-0.4727	5.8699	-345.0000	739183.052142
6.4503	-0.4727	5.8699	-363.0000	739183.052142
6.5578	-0.4727	5.8699	-378.0000	739183.052142
6.6791	-0.4727	5.8699	-396.0000	739183.052142
6.7911	-0.4727	5.8699	-411.0000	739183.052142
6.9093	-0.4727	5.8699	-429.0000	739183.052142
7.0289	-0.4727	5.8699	-447.0000	739183.052142
7.1460	-0.4727	5.8699	-465.0000	739183.052142
7.2486	-0.4727	5.8699	-480.0000	739183.052142
7.3529	-0.4727	5.8699	-495.0000	739183.052142
7.4548	-0.4727	5.8699	-510.0000	739183.052142
7.5738	-0.4727	5.8699	-504.0000	739183.052142
7.6866	-0.4727	5.8699	-489.0000	739183.052142
7.8011	-0.4727	5.8699	-474.0000	739183.052142
7.9142	-0.4727	5.8699	-453.0000	739183.052142
8.0193	-0.4883	5.7965	-438.0000	739183.052142
8.1313	-0.5663	5.4297	-438.0000	739183.052142
8.2462	-0.6598	4.9896	-438.0000	739183.052142
8.3488	-0.7378	4.6227	-438.0000	739183.052142
8.4601	-0.8314	4.1826	-438.0000	739183.052142
8.5646	-0.8431	3.7345	-456.0000	739183.052142
8.6715	-0.7534	3.2936	-462.0000	739183.052142
8.7741	-0.6598	2.8535	-462.0000	739183.052142
8.8751	-0.5663	2.4133	-462.0000	739183.052142
8.9951	-0.4883	2.0465	-462.0000	739183.052142
9.1070	-0.4219	1.6778	-456.0000	739183.052142
9.2219	-0.4571	1.2309	-438.0000	739183.052142
9.3233	-0.5571	0.9486	-426.0000	739183.052142
9.4260	-0.8110	0.5793	-408.0000	739183.052142
9.5428	-1.1665	0.3064	-390.0000	739183.052142
9.6481	-1.5157	0.1724	-375.0000	739183.052142
9.7584	-1.9624	0.1254	-363.0000	739183.052142
9.8633	-1.9624	0.1254	-363.0000	739183.052142
9.9681	-2.1869	0.1372	-354.0000	739183.052142
10.0906	-2.5494	0.2303	-342.0000	739183.052142
10.1916	-2.9061	0.3462	-342.0000	739183.052142
10.2946	-3.1914	0.4389	-342.0000	739183.052142
10.4120	-3.6180	0.5816	-339.0000	739183.052142
10.5158	-4.0002	0.8158	-321.0000	739183.052142
10.6355	-4.3288	1.2216	-300.0000	739183.052142
10.7537	-4.5128	1.5482	-297.0000	739183.052142
10.8580	-4.6401	1.9780	-279.0000	739183.052142
10.9684	-4.6284	2.4260	-261.0000	739183.052142
11.0821	-4.4788	2.8485	-243.0000	739183.052142
11.2017	-4.2241	3.2191	-234.0000	739183.052142
11.3152	-4.1800	3.2798	-231.0000	739183.052142
11.4238	-4.1800	3.2798	-216.0000	739183.052142
11.5308	-4.1800	3.2798	-201.0000	739183.052142
11.6345	-4.1800	3.2798	-186.0000	739183.052142
11.7543	-4.1800	3.2798	-171.0000	739183.052142
11.8662	-4.1800	3.2798	-153.0000	739183.052142
11.9688	-4.1800	3.2798	-138.0000	739183.052142
12.0847	-4.1800	3.2798	-120.0000	739183.052142
12.2019	-4.1800	3.2798	-102.0000	739183.052142
12.3076	-4.1800	3.2798	-87.0000	739183.052142
12.4145	-4.1800	3.2798	-72.0000	739183.052142
12.5236	-4.3191	2.8518	-72.0000	739183.052142
12.6351	-4.3191	2.8518	-69.0000	739183.052142
12.7579	-4.3191	2.8518	-66.0000	739183.052142
12.8601	-4.3191	2.8518	-84.0000	739183.052142
12.9765	-4.3191	2.8518	-105.0000	739183.052142
13.0813	-4.3191	2.8518	-111.0000	739183.052142
13.2028	-4.1847	2.5017	-111.0000	739183.052142
13.3077	-4.1309	2.3617	-111.0000	739183.052142
13.4086	-4.1309	2.3617	-111.0000	739183.052142
13.5126	-4.1309	2.3617	-111.0000	739183.052142
13.6206	-4.1309	2.3617	-99.0000	739183.052142
13.7310	-4.1309	2.3617	-90.0000	739183.052142
13.8472	-4.1309	1.9867	-90.0000	739183.052142
13.9567	-4.1309	1.6117	-90.0000	739183.052142
14.0614	-4.1192	1.4622	-108.0000	739183.052142
14.1741	-4.1192	1.4622	-123.0000	739183.052142
14.2895	-4.1192	1.4622	-141.0000	739183.052142
14.3987	-4.1192	1.4622	-159.0000	739183.052142
14.5064	-3.9705	1.4426	-174.0000	739183.052142
14.6105	-3.5230	1.3956	-174.0000	739183.052142
14.7184	-3.1500	1.3564	-174.0000	739183.052142
14.8328	-3.1500	1.3564	-192.0000	739183.052142
14.9509	-3.1500	1.3564	-210.0000	739183.052142
15.0613	-3.1500	1.3564	-228.0000	739183.052142
15.1664	-3.1500	1.3564	-234.0000	739183.052142
15.2718	-3.1500	1.3564	-234.0000	739183.052142
15.3871	-3.1500	1.3564	-228.0000	739183.052142
15.4985	-3.1500	1.3564	-210.0000	739183.052142
15.6151	-3.1500	1.3564	-189.0000	739183.052142
15.7222	-3.1500	1.3564	-186.0000	739183.052142
15.8252	-3.1500	1.3564	-186.0000	739183.052142
15.9297	-3.1500	1.3564	-186.0000	739183.052142
16.0402	-3.5976	1.3093	-186.0000	739183.052142
16.1503	-4.0451	1.2623	-186.0000	739183.052142
16.2537	-4.4180	1.2231	-186.0000	739183.052142
16.3587	-4.7910	1.1839	-186.0000	739183.052142
16.4688	-5.1639	1.1447	-186.0000	739183.052142
16.5810	-5.6115	1.0976	-186.0000	739183.052142
16.6859	-5.8352	1.0741	-186.0000	739183.052142
16.7966	-5.8352	1.0741	-186.0000	739183.052142
16.9146	-5.8352	1.0741	-186.0000	739183.052142
17.0323	-5.8352	1.0741	-186.0000	739183.052142
17.1388	-5.8352	1.0741	-186.0000	739183.052142
17.2480	-5.7606	1.0820	-186.0000	739183.052142
17.3638	-5.2385	1.1368	-186.0000	739183.052142
17.4704	-4.7910	1.1839	-186.0000	739183.052142
17.5893	-4.5672	1.2074	-189.0000	739183.052142
17.7110	-4.3534	1.2769	-207.0000	739183.052142
17.8153	-4.3534	1.2769	-222.0000	739183.052142
17.9330	-4.3534	1.2769	-228.0000	739183.052142
18.0469	-4.3534	1.2769	-228.0000	739183.052142
18.1629	-4.3534	1.2769	-216.0000	739183.052142
18.2638	-4.3534	1.2769	-198.0000	739183.052142
18.3744	-4.1361	1.3351	-195.0000	739183.052142
18.4924	-3.7739	1.4322	-195.0000	739183.052142
18.6089	-3.4152	1.5404	-201.0000	739183.052142
18.7147	-3.0330	1.7746	-219.0000	739183.052142
18.8337	-2.7044	2.1804	-240.0000	739183.052142
18.9432	-2.5548	2.6029	-258.0000	739183.052142
19.0484	-2.5353	2.9764	-273.0000	739183.052142
19.1488	-2.6130	3.3422	-288.0000	739183.052142
19.2616	-2.8269	3.7360	-306.0000	739183.052142
19.3785	-3.0330	3.9533	-321.0000	739183.052142
19.4798	-3.0330	3.9533	-312.0000	739183.052142
19.5879	-3.0330	3.9533	-294.0000	739183.052142
19.7011	-3.0330	3.9533	-276.0000	739183.052142
19.8082	-3.0213	4.1780	-267.0000	739183.052142
19.9317	-3.0095	4.6275	-273.0000	739183.052142
20.0388	-3.0641	4.9219	-285.0000	739183.052142
20.1564	-3.3011	5.3872	-306.0000	739183.052142
20.2585	-3.5655	5.6516	-321.0000	739183.052142
20.3600	-3.9594	5.8655	-339.0000	739183.052142
20.4631	-4.0340	5.8733	-354.0000	739183.052142
20.5634	-4.3331	5.8537	-366.0000	739183.052142
20.6744	-4.7806	5.8067	-366.0000	739183.052142
20.7853	-4.8552	5.7988	-351.0000	739183.052142
20.8885	-4.8552	5.7988	-333.0000	739183.052142
21.0051	-4.8552	5.7988	-318.0000	739183.052142
21.1203	-4.8552	5.7988	-318.0000	739183.052142
21.2316	-4.8552	5.7988	-318.0000	739183.052142
21.3422	-4.8552	5.7988	-333.0000	739183.052142
21.4549	-4.8552	5.7988	-354.0000	739183.052142
21.5650	-4.9298	5.7910	-366.0000	739183.052142
21.6686	-5.3773	5.7439	-366.0000	739183.052142
21.7833	-5.8249	5.6969	-366.0000	739183.052142
21.8921	-5.9748	5.6930	-351.0000	739183.052142
21.9951	-6.0433	5.7235	-336.0000	739183.052142
22.1110	-6.0433	5.7235	-318.0000	739183.052142
22.2146	-6.0433	5.7235	-318.0000	739183.052142
22.3234	-6.0433	5.7235	-318.0000	739183.052142
22.4263	-6.0433	5.7235	-318.0000	739183.052142
22.5448	-6.0433	5.7235	-318.0000	739183.052142
22.6454	-6.0433	5.7235	-318.0000	739183.052142
22.7532	-6.0433	5.7235	-318.0000	739183.052142
22.8580	-5.7646	5.4726	-318.0000	739183.052142
22.9586	-5.4302	5.1714	-318.0000	739183.052142
23.0587	-5.4302	5.1714	-318.0000	739183.052142
23.1640	-5.4302	5.1714	-324.0000	739183.052142
23.2674	-5.4302	5.1714	-339.0000	739183.052142
23.3718	-5.7155	5.2641	-342.0000	739183.052142
23.4730	-5.8540	5.3215	-327.0000	739183.052142
23.5957	-5.8540	5.3215	-315.0000	739183.052142
23.7032	-5.8540	5.3215	-315.0000	739183.052142
23.8055	-5.8540	5.3215	-315.0000	739183.052142
23.9143	-5.8540	5.3215	-300.0000	739183.052142
24.0272	-5.8540	5.3215	-279.0000	739183.052142
24.1360	-5.8540	5.3215	-273.0000	739183.052142
24.2544	-5.8697	5.6211	-273.0000	739183.052142
24.3552	-5.8894	5.9956	-273.0000	739183.052142
24.4697	-5.8972	6.1454	-276.0000	739183.052142
24.5725	-5.8972	6.1454	-291.0000	739183.052142
24.6732	-5.9444	6.2037	-309.0000	739183.052142
