T	X	Y	HEADING	NOW_NUM
0.1163	0.0000	0.0000	45.0000	739185.462844
0.2326	0.0000	0.0000	45.0000	739185.462844
0.3489	0.0000	0.0000	45.0000	739185.462844
0.4654	0.0000	0.0000	45.0000	739185.462844
0.5813	0.0000	0.0000	45.0000	739185.462844
0.6976	0.0000	0.0000	45.0000	739185.462844
0.8137	0.0000	0.0000	45.0000	739185.462844
0.9300	0.0000	0.0000	45.0000	739185.462844
1.0464	0.0000	0.0000	45.0000	739185.462844
1.1624	0.0000	0.0000	45.0000	739185.462844
1.2784	0.0000	0.0000	45.0000	739185.462844
1.3946	0.0000	0.0000	45.0000	739185.462844
1.5110	0.0000	0.0000	45.0000	739185.462844
1.6272	-0.1061	0.1061	45.0000	739185.462844
1.7433	-0.4773	0.4773	45.0000	739185.462844
1.8597	-0.6364	0.6364	45.0000	739185.462844
1.9759	-0.6364	0.6364	45.0000	739185.462844
2.0921	-0.6364	0.6364	45.0000	739185.462844
2.2083	-0.6364	0.6364	60.0000	739185.462844
2.3246	-0.6364	0.6364	69.0000	739185.462844
2.4408	-0.6364	0.6364	78.0000	739185.462844
2.5570	-0.6364	0.6364	93.0000	739185.462844
2.6733	-0.6364	0.6364	93.0000	739185.462844
2.7896	-0.6364	0.6364	93.0000	739185.462844
2.9058	-0.6364	0.6364	93.0000	739185.462844
3.0224	-0.6364	0.6364	93.0000	739185.462844
3.1383	-0.6364	0.6364	93.0000	739185.462844
3.2546	-0.6128	1.0858	93.0000	739185.462844
3.3709	-0.5854	1.6101	93.0000	739185.462844
3.4871	-0.5579	2.1343	93.0000	739185.462844
3.6035	-0.5304	2.6586	93.0000	739185.462844
3.7194	-0.5029	3.1829	93.0000	739185.462844
3.8357	-0.4833	3.5574	93.0000	739185.462844
3.9520	-0.4833	3.5574	93.0000	739185.462844
4.0683	-0.4833	3.5574	87.0000	739185.462844
4.1845	-0.4833	3.5574	66.0000	739185.462844
4.3006	-0.4833	3.5574	45.0000	739185.462844
4.4007	-0.4833	3.5574	27.0000	739185.462844
4.5166	-0.4833	3.5574	6.0000	739185.462844
4.6327	-0.4833	3.5574	3.0000	739185.462844
4.7490	-0.4833	3.5574	3.0000	739185.462844
4.8653	-0.4833	3.5574	3.0000	739185.462844
4.9818	-0.4833	3.5574	3.0000	739185.462844
5.0977	-0.4833	3.5574	3.0000	739185.462844
5.2140	-0.4833	3.5574	-6.0000	739185.462844
5.3303	-0.4833	3.5574	-12.0000	739185.462844
5.4466	-0.4833	3.5574	-12.0000	739185.462844
5.5627	-0.4833	3.5574	-3.0000	739185.462844
5.6789	-0.4833	3.5574	6.0000	739185.462844
5.7951	-0.5579	3.5652	6.0000	739185.462844
5.9114	-1.0800	3.6201	6.0000	739185.462844
6.0278	-1.6022	3.6750	6.0000	739185.462844
6.1440	-2.1243	3.7299	6.0000	739185.462844
6.2601	-2.6464	3.7847	6.0000	739185.462844
6.3764	-2.9448	3.8161	6.0000	739185.462844
6.4926	-2.9448	3.8161	-15.0000	739185.462844
6.6089	-2.9448	3.8161	-30.0000	739185.462844
6.7251	-2.9448	3.8161	-30.0000	739185.462844
6.8412	-2.9448	3.8161	-30.0000	739185.462844
6.9581	-3.3345	3.5911	-30.0000	739185.462844
7.0738	-3.7891	3.3286	-30.0000	739185.462844
7.1738	-3.8560	3.2945	-12.0000	739185.462844
7.2900	-3.8560	3.2945	-9.0000	739185.462844
7.4063	-3.8560	3.2945	-9.0000	739185.462844
7.5226	-3.8560	3.2945	-9.0000	739185.462844
7.6387	-3.8560	3.2945	-24.0000	739185.462844
7.7550	-3.8560	3.2945	-45.0000	739185.462844
7.8713	-3.8560	3.2945	-60.0000	739185.462844
7.9875	-3.8560	3.2945	-60.0000	739185.462844
8.1039	-3.8560	3.2945	-60.0000	739185.462844
8.2202	-3.8560	3.2945	-60.0000	739185.462844
8.3364	-3.8560	3.2945	-75.0000	739185.462844
8.4526	-3.8560	3.2945	-96.0000	739185.462844
8.5687	-3.8560	3.2945	-99.0000	739185.462844
8.6848	-3.8560	3.2945	-99.0000	739185.462844
8.8010	-3.8560	3.2945	-99.0000	739185.462844
8.9180	-3.8560	3.2945	-99.0000	739185.462844
9.0338	-3.8560	3.2945	-90.0000	739185.462844
9.1500	-3.8560	3.2945	-90.0000	739185.462844
9.2665	-3.8560	3.2945	-90.0000	739185.462844
9.3826	-3.8560	3.2945	-90.0000	739185.462844
9.4989	-3.8560	3.2945	-90.0000	739185.462844
9.6156	-3.8560	3.2945	-90.0000	739185.462844
9.7312	-3.8560	3.2945	-90.0000	739185.462844
9.8471	-3.8560	3.2945	-90.0000	739185.462844
9.9638	-3.8560	3.2945	-90.0000	739185.462844
10.0797	-3.8560	3.2945	-90.0000	739185.462844
10.1962	-3.8560	3.2945	-90.0000	739185.462844
10.3122	-3.8560	3.2945	-90.0000	739185.462844
10.4283	-3.8560	3.2945	-90.0000	739185.462844
10.5450	-3.8560	3.2945	-90.0000	739185.462844
10.6613	-3.8560	3.2945	-90.0000	739185.462844
10.7771	-3.8560	3.2945	-90.0000	739185.462844
10.8941	-3.8560	3.2945	-90.0000	739185.462844
11.0098	-3.8560	3.2945	-90.0000	739185.462844
11.1258	-3.8560	3.2945	-90.0000	739185.462844
11.2421	-3.8560	3.2945	-90.0000	739185.462844
11.3583	-3.8560	3.2945	-90.0000	739185.462844
11.4747	-3.8560	3.2945	-90.0000	739185.462844
11.5907	-3.8560	3.2945	-90.0000	739185.462844
11.7071	-3.8560	3.2945	-90.0000	739185.462844
11.8233	-3.8560	3.2945	-90.0000	739185.462844
11.9399	-3.8560	3.2945	-90.0000	739185.462844
12.0558	-3.8560	3.2945	-90.0000	739185.462844
12.1559	-3.8560	3.2945	-90.0000	739185.462844
12.2713	-3.8560	3.2945	-90.0000	739185.462844
12.3876	-3.8560	3.2945	-90.0000	739185.462844
12.5040	-3.8560	3.2945	-90.0000	739185.462844
12.6200	-3.8560	3.2945	-90.0000	739185.462844
12.7362	-3.8560	3.2945	-90.0000	739185.462844
12.8525	-3.8560	3.2945	-90.0000	739185.462844
12.9688	-3.8560	3.2945	-90.0000	739185.462844
13.0849	-3.8560	3.2945	-90.0000	739185.462844
13.2014	-3.8560	3.2945	-90.0000	739185.462844
13.3174	-3.8560	3.2945	-90.0000	739185.462844
13.4336	-3.8560	3.2945	-90.0000	739185.462844
13.5499	-3.8560	3.2945	-90.0000	739185.462844
13.6662	-3.8560	3.2945	-90.0000	739185.462844
13.7824	-3.8560	3.2945	-90.0000	739185.462844
13.8987	-3.8560	3.2945	-90.0000	739185.462844
14.0150	-3.8560	3.2945	-90.0000	739185.462844
14.1315	-3.8560	3.2945	-90.0000	739185.462844
14.2474	-3.8560	3.2945	-90.0000	739185.462844
14.3636	-3.8560	3.2945	-90.0000	739185.462844
14.4799	-3.8560	3.2945	-90.0000	739185.462844
14.5961	-3.8560	3.2945	-90.0000	739185.462844
14.7128	-3.8560	3.2945	-90.0000	739185.462844
14.8285	-3.8560	3.2945	-90.0000	739185.462844
14.9448	-3.8560	3.2945	-90.0000	739185.462844
15.0611	-3.8560	3.2945	-90.0000	739185.462844
15.1774	-3.8560	3.2945	-90.0000	739185.462844
15.2935	-3.8560	3.2945	-90.0000	739185.462844
15.4097	-3.8560	3.2945	-90.0000	739185.462844
15.5097	-3.8560	3.2945	-90.0000	739185.462844
15.6255	-3.8560	3.2945	-90.0000	739185.462844
15.7256	-3.8560	3.2945	-90.0000	739185.462844
15.8422	-3.8560	3.2945	-90.0000	739185.462844
15.9581	-3.8560	3.2945	-90.0000	739185.462844
16.0744	-3.8560	3.2945	-90.0000	739185.462844
16.1907	-3.8560	3.2945	-90.0000	739185.462844
16.3069	-3.8560	3.2945	-90.0000	739185.462844
16.4231	-3.8560	3.2945	-90.0000	739185.462844
16.5394	-3.8560	3.2945	-90.0000	739185.462844
16.6555	-3.8560	3.2945	-90.0000	739185.462844
16.7717	-3.8560	3.2945	-90.0000	739185.462844
16.8881	-3.8560	3.2945	-90.0000	739185.462844
17.0042	-3.8560	3.2945	-90.0000	739185.462844
17.1205	-3.8560	3.2945	-90.0000	739185.462844
17.2367	-3.8560	3.2945	-90.0000	739185.462844
17.3532	-3.8560	3.2945	-90.0000	739185.462844
17.4693	-3.8560	3.2945	-90.0000	739185.462844
17.5853	-3.8560	3.2945	-90.0000	739185.462844
17.7016	-3.8560	3.2945	-90.0000	739185.462844
17.8181	-3.8560	3.2945	-90.0000	739185.462844
17.9342	-3.8560	3.2945	-90.0000	739185.462844
18.0504	-3.8560	3.2945	-90.0000	739185.462844
18.1669	-3.8560	3.2945	-90.0000	739185.462844
18.2831	-3.8560	3.2945	-90.0000	739185.462844
18.3990	-3.8560	3.2945	-90.0000	739185.462844
18.5154	-3.8560	3.2945	-90.0000	739185.462844
18.6315	-3.8560	3.2945	-90.0000	739185.462844
18.7479	-3.8560	3.2945	-90.0000	739185.462844
18.8641	-3.8560	3.2945	-90.0000	739185.462844
18.9805	-3.8560	3.2945	-90.0000	739185.462844
19.0965	-3.8560	3.2945	-90.0000	739185.462844
19.2129	-3.8560	3.2945	-90.0000	739185.462844
19.3292	-3.8560	3.2945	-90.0000	739185.462844
19.4456	-3.8560	3.2945	-90.0000	739185.462844
19.5616	-3.8560	3.2945	-90.0000	739185.462844
19.6779	-3.8560	3.2945	-90.0000	739185.462844
19.7938	-3.8560	3.2945	-90.0000	739185.462844
19.9104	-3.8560	3.2945	-90.0000	739185.462844
20.0268	-3.8560	3.2945	-90.0000	739185.462844
20.1429	-3.8560	3.2945	-90.0000	739185.462844
20.2590	-3.8560	3.2945	-90.0000	739185.462844
20.3751	-3.8560	3.2945	-90.0000	739185.462844
20.4916	-3.8560	3.2945	-90.0000	739185.462844
20.6080	-3.8560	3.2945	-90.0000	739185.462844
20.7241	-3.8560	3.2945	-90.0000	739185.462844
20.8404	-3.8560	3.2945	-90.0000	739185.462844
20.9565	-3.8560	3.2945	-90.0000	739185.462844
21.0727	-3.8560	3.2945	-90.0000	739185.462844
21.1890	-3.8560	3.2945	-90.0000	739185.462844
21.3054	-3.8560	3.2945	-90.0000	739185.462844
21.4214	-3.8560	3.2945	-90.0000	739185.462844
21.5380	-3.8560	3.2945	-90.0000	739185.462844
21.6540	-3.8560	3.2945	-90.0000	739185.462844
21.7703	-3.8560	3.2945	-90.0000	739185.462844
21.8862	-3.8560	3.2945	-90.0000	739185.462844
22.0029	-3.8560	3.2945	-90.0000	739185.462844
22.1188	-3.8560	3.2945	-90.0000	739185.462844
22.2351	-3.8560	3.2945	-90.0000	739185.462844
22.3514	-3.8560	3.2945	-90.0000	739185.462844
22.4677	-3.8560	3.2945	-90.0000	739185.462844
22.5840	-3.8560	3.2945	-90.0000	739185.462844
22.6999	-3.8560	3.2945	-90.0000	739185.462844
22.8162	-3.8560	3.2945	-90.0000	739185.462844
22.9323	-3.8560	3.2945	-90.0000	739185.462844
23.0487	-3.8560	3.2945	-90.0000	739185.462844
23.1651	-3.8560	3.2945	-90.0000	739185.462844
23.2814	-3.8560	3.2945	-90.0000	739185.462844
23.3976	-3.8560	3.2945	-90.0000	739185.462844
23.5135	-3.8560	3.2945	-90.0000	739185.462844
23.6301	-3.8560	3.2945	-90.0000	739185.462844
23.7461	-3.8560	3.2945	-90.0000	739185.462844
23.8623	-3.8560	3.2945	-90.0000	739185.462844
23.9789	-3.8560	3.2945	-90.0000	739185.462844
24.0951	-3.8560	3.2945	-90.0000	739185.462844
24.2112	-3.8560	3.2945	-90.0000	739185.462844
24.3275	-3.8560	3.2945	-90.0000	739185.462844
24.4435	-3.8560	2.9195	-90.0000	739185.462844
24.5600	-3.8560	2.6945	-90.0000	739185.462844
24.6758	-3.8560	2.6945	-69.0000	739185.462844
24.7919	-3.8560	2.6945	-48.0000	739185.462844
24.9083	-3.8560	2.6945	-39.0000	739185.462844
25.0243	-3.8560	2.6945	-39.0000	739185.462844
25.1413	-4.2640	2.3642	-39.0000	739185.462844
25.2569	-4.3222	2.3170	-39.0000	739185.462844
25.3730	-4.3222	2.3170	-60.0000	739185.462844
25.4893	-4.3222	2.3170	-63.0000	739185.462844
25.6056	-4.3222	2.3170	-63.0000	739185.462844
25.7218	-4.4244	2.1165	-63.0000	739185.462844
25.8382	-4.5946	1.7824	-69.0000	739185.462844
25.9543	-4.5946	1.7074	-90.0000	739185.462844
26.0706	-4.5946	1.1824	-90.0000	739185.462844
26.1869	-4.5946	1.1824	-99.0000	739185.462844
26.3030	-4.5946	1.1824	-108.0000	739185.462844
26.4193	-4.5946	1.1824	-111.0000	739185.462844
26.5195	-4.5946	1.1824	-129.0000	739185.462844
26.6350	-4.5946	1.1824	-150.0000	739185.462844
26.7514	-4.5946	1.1824	-171.0000	739185.462844
26.8676	-4.5946	1.1824	-192.0000	739185.462844
26.9839	-4.2380	1.2982	-198.0000	739185.462844
27.1001	-3.7387	1.4605	-198.0000	739185.462844
27.2164	-3.3096	1.5958	-192.0000	739185.462844
27.3326	-3.3096	1.5958	-171.0000	739185.462844
27.4488	-3.3096	1.5958	-150.0000	739185.462844
27.5651	-3.3096	1.5958	-129.0000	739185.462844
27.6814	-3.1734	1.3285	-117.0000	739185.462844
27.7974	-2.9351	0.8607	-117.0000	739185.462844
27.9137	-2.8705	0.7253	-99.0000	739185.462844
28.0300	-2.8705	0.7253	-78.0000	739185.462844
28.1461	-2.8705	0.7253	-57.0000	739185.462844
28.2625	-2.8705	0.7253	-36.0000	739185.462844
28.3788	-3.1408	0.5964	-21.0000	739185.462844
28.4950	-3.6309	0.4083	-21.0000	739185.462844
28.6112	-4.1211	0.2201	-21.0000	739185.462844
28.7274	-4.4058	0.1276	-6.0000	739185.462844
28.8437	-4.8553	0.1472	3.0000	739185.462844
28.9599	-5.3796	0.1747	3.0000	739185.462844
29.0761	-5.9038	0.2022	3.0000	739185.462844
29.1923	-6.0536	0.2100	3.0000	739185.462844
29.3086	-6.0536	0.2100	-15.0000	739185.462844
29.4249	-6.0536	0.2100	-18.0000	739185.462844
29.5411	-6.0536	0.2100	-21.0000	739185.462844
29.6573	-6.0536	0.2100	-36.0000	739185.462844
29.7735	-6.2357	0.0778	-36.0000	739185.462844
29.8898	-6.2357	0.0778	-36.0000	739185.462844
30.0060	-6.2357	0.0778	-36.0000	739185.462844
30.1222	-6.2357	0.0778	-36.0000	739185.462844
0.1162	0.0000	0.0000	45.0000	739192.564117
0.2322	0.0000	0.0000	45.0000	739192.564117
0.3486	0.0000	0.0000	45.0000	739192.564117
0.4647	0.0000	0.0000	45.0000	739192.564117
0.5810	0.0000	0.0000	45.0000	739192.564117
0.6974	0.0000	0.0000	45.0000	739192.564117
0.8136	0.0000	0.0000	45.0000	739192.564117
0.9298	0.0000	0.0000	45.0000	739192.564117
1.0460	0.0000	0.0000	45.0000	739192.564117
1.1622	0.0000	0.0000	45.0000	739192.564117
1.2784	0.0000	0.0000	45.0000	739192.564117
1.3946	0.0000	0.0000	45.0000	739192.564117
1.5110	0.0000	0.0000	45.0000	739192.564117
1.6271	0.0000	0.0000	45.0000	739192.564117
1.7434	0.0000	0.0000	45.0000	739192.564117
1.8597	0.0000	0.0000	45.0000	739192.564117
1.9759	0.0000	0.0000	45.0000	739192.564117
2.0922	0.0000	0.0000	45.0000	739192.564117
2.2083	0.0000	0.0000	45.0000	739192.564117
2.3246	0.0000	0.0000	45.0000	739192.564117
2.4408	0.0000	0.0000	45.0000	739192.564117
2.5570	0.0000	0.0000	45.0000	739192.564117
2.6734	0.0000	0.0000	45.0000	739192.564117
2.7895	0.0000	0.0000	45.0000	739192.564117
2.9059	0.0000	0.0000	60.0000	739192.564117
3.0220	0.0000	0.0000	81.0000	739192.564117
3.1382	-0.0039	0.2999	90.0000	739192.564117
3.2546	-0.0039	0.2999	90.0000	739192.564117
3.3707	-0.0039	0.2999	90.0000	739192.564117
3.4871	-0.0039	0.2999	90.0000	739192.564117
3.6032	-0.0039	0.2999	75.0000	739192.564117
3.7194	-0.0039	0.2999	60.0000	739192.564117
3.8357	-0.0039	0.2999	60.0000	739192.564117
3.9520	-0.0039	0.2999	60.0000	739192.564117
4.0682	-0.0039	0.2999	60.0000	739192.564117
4.1844	-0.0039	0.2999	60.0000	739192.564117
4.3007	-0.0039	0.2999	48.0000	739192.564117
4.4168	-0.0039	0.2999	36.0000	739192.564117
4.5331	-0.3073	0.5203	36.0000	739192.564117
4.6493	-0.6765	0.8895	54.0000	739192.564117
4.7657	-0.8695	1.2941	75.0000	739192.564117
4.8818	-0.8616	1.5934	96.0000	739192.564117
4.9981	-0.7563	2.1077	102.0000	739192.564117
5.1143	-0.6472	2.6212	102.0000	739192.564117
5.2306	-0.6472	3.1433	81.0000	739192.564117
5.3468	-0.7322	3.4305	60.0000	739192.564117
5.4630	-0.7322	3.4305	39.0000	739192.564117
5.5792	-0.7322	3.4305	18.0000	739192.564117
5.6955	-1.0316	3.4383	-3.0000	739192.564117
5.8117	-1.5360	3.3032	-24.0000	739192.564117
5.9281	-1.7935	3.1499	-33.0000	739192.564117
6.0442	-1.8649	3.1268	-18.0000	739192.564117
6.1604	-2.0148	3.1307	3.0000	739192.564117
6.2767	-2.5232	3.2548	18.0000	739192.564117
6.3930	-3.0225	3.4170	18.0000	739192.564117
6.5093	-3.5218	3.5793	18.0000	739192.564117
6.6254	-4.0211	3.7415	18.0000	739192.564117
6.7416	-4.5204	3.9037	18.0000	739192.564117
6.8580	-4.9726	4.1648	39.0000	739192.564117
6.9741	-5.3012	4.5706	60.0000	739192.564117
7.0904	-5.3926	4.7759	81.0000	739192.564117
7.2066	-5.3926	4.7759	102.0000	739192.564117
7.3228	-5.3926	4.7759	123.0000	739192.564117
7.4391	-5.3926	4.7759	144.0000	739192.564117
7.5553	-5.3926	4.7759	165.0000	739192.564117
7.6717	-5.3926	4.7759	186.0000	739192.564117
7.7878	-5.3926	4.7759	207.0000	739192.564117
7.9041	-5.3926	4.7759	228.0000	739192.564117
8.0203	-5.3926	4.7759	249.0000	739192.564117
8.1365	-5.3926	4.7759	270.0000	739192.564117
8.2528	-5.4005	4.6261	273.0000	739192.564117
8.3690	-5.4280	4.1019	273.0000	739192.564117
8.4853	-5.4202	3.8037	258.0000	739192.564117
8.6016	-5.2078	3.3267	237.0000	739192.564117
8.7177	-4.8993	2.9020	234.0000	739192.564117
8.8340	-4.6413	2.4474	249.0000	739192.564117
8.9502	-4.5596	1.9317	270.0000	739192.564117
9.0665	-4.5987	1.6348	291.0000	739192.564117
9.1826	-4.5987	1.6348	312.0000	739192.564117
9.2989	-4.5987	1.6348	327.0000	739192.564117
9.4152	-4.5987	1.6348	327.0000	739192.564117
9.5315	-4.5987	1.6348	321.0000	739192.564117
9.6477	-4.5987	1.6348	300.0000	739192.564117
9.7639	-4.5987	1.6348	279.0000	739192.564117
9.8801	-4.5987	1.6348	258.0000	739192.564117
9.9964	-4.5987	1.6348	237.0000	739192.564117
10.1125	-4.3710	1.4403	216.0000	739192.564117
10.2287	-3.8940	1.2279	195.0000	739192.564117
10.3449	-3.3735	1.1653	189.0000	739192.564117
10.4612	-2.8861	0.9782	210.0000	739192.564117
10.5775	-2.4981	0.6289	231.0000	739192.564117
10.6937	-2.4981	0.6289	252.0000	739192.564117
10.8100	-2.4981	0.6289	273.0000	739192.564117
10.9262	-2.4981	0.6289	294.0000	739192.564117
11.0424	-2.4981	0.6289	315.0000	739192.564117
11.1587	-2.4981	0.6289	336.0000	739192.564117
11.2749	-2.4981	0.6289	357.0000	739192.564117
11.3912	-2.4981	0.6289	357.0000	739192.564117
11.5074	-3.0223	0.6014	357.0000	739192.564117
11.6237	-3.5466	0.5739	357.0000	739192.564117
11.7398	-4.0709	0.5464	357.0000	739192.564117
11.8561	-4.5949	0.5150	354.0000	739192.564117
11.9726	-5.1091	0.4097	348.0000	739192.564117
12.0885	-5.6226	0.3006	348.0000	739192.564117
12.2048	-6.1332	0.1800	342.0000	739192.564117
12.3210	-6.1332	0.1800	321.0000	739192.564117
