T	X	Y	HEADING	NOW_NUM
0.1138	0.0000	0.0000	45.0000	739184.996554
0.2165	0.0000	0.0000	45.0000	739184.996554
0.3319	0.0000	0.0000	45.0000	739184.996554
0.4372	0.0000	0.0000	45.0000	739184.996554
0.5402	0.0000	0.0000	45.0000	739184.996554
0.6402	0.0000	0.0000	45.0000	739184.996554
0.7417	0.0000	0.0000	45.0000	739184.996554
0.8567	0.0000	0.0000	45.0000	739184.996554
0.9573	0.0000	0.0000	45.0000	739184.996554
1.0733	0.0000	0.0000	45.0000	739184.996554
1.1763	0.0000	0.0000	45.0000	739184.996554
1.2876	0.0000	0.0000	45.0000	739184.996554
1.4027	0.0000	0.0000	45.0000	739184.996554
1.5040	0.0000	0.0000	45.0000	739184.996554
1.6185	0.0000	0.0000	45.0000	739184.996554
1.7254	-0.2652	0.2652	45.0000	739184.996554
1.8397	-0.5216	0.5383	54.0000	739184.996554
1.9567	-0.5216	0.5383	75.0000	739184.996554
2.0645	-0.5216	0.5383	93.0000	739184.996554
2.1759	-0.5138	0.6129	96.0000	739184.996554
2.2862	-0.4668	1.0604	96.0000	739184.996554
2.3923	-0.4197	1.5079	96.0000	739184.996554
2.5035	-0.3923	1.8816	87.0000	739184.996554
2.6193	-0.3923	1.8816	66.0000	739184.996554
2.7210	-0.3923	1.8816	48.0000	739184.996554
2.8269	-0.3923	1.8816	30.0000	739184.996554
2.9371	-0.3923	1.8816	12.0000	739184.996554
3.0498	-0.3923	1.8816	-6.0000	739184.996554
3.1655	-0.3923	1.8816	-15.0000	739184.996554
3.2744	-0.3923	1.8816	-6.0000	739184.996554
3.3763	-0.3923	1.8816	-6.0000	739184.996554
3.4858	-0.3923	1.8816	-24.0000	739184.996554
3.5890	-0.3923	1.8816	-36.0000	739184.996554
3.7102	-0.3923	1.8816	-36.0000	739184.996554
3.8167	-0.3923	1.8816	-36.0000	739184.996554
3.9315	-0.3923	1.8816	-36.0000	739184.996554
4.0397	-0.6957	1.6612	-36.0000	739184.996554
4.1521	-1.0597	1.3967	-36.0000	739184.996554
4.2704	-1.4165	1.1230	-42.0000	739184.996554
4.3782	-1.5197	1.0142	-60.0000	739184.996554
4.4879	-1.5197	1.0142	-78.0000	739184.996554
4.6037	-1.5197	1.0142	-99.0000	739184.996554
4.7090	-1.5197	1.0142	-117.0000	739184.996554
4.8269	-1.5197	1.0142	-138.0000	739184.996554
4.9397	-1.5197	1.0142	-159.0000	739184.996554
5.0417	-1.5197	1.0142	-177.0000	739184.996554
5.1486	-1.5197	1.0142	-195.0000	739184.996554
5.2523	-1.4568	1.0550	-213.0000	739184.996554
5.3565	-1.0794	1.3001	-213.0000	739184.996554
5.4688	-0.7020	1.5452	-213.0000	739184.996554
5.5760	-0.3612	1.8363	-228.0000	739184.996554
5.6905	-0.1270	2.2185	-249.0000	739184.996554
5.7962	-0.1270	2.2185	-267.0000	739184.996554
5.9007	-0.1270	2.2185	-285.0000	739184.996554
6.0029	-0.1270	2.2185	-303.0000	739184.996554
6.1188	-0.1270	2.2185	-324.0000	739184.996554
6.2321	-0.2683	2.2685	-342.0000	739184.996554
6.3433	-0.6963	2.4076	-342.0000	739184.996554
6.4538	-1.1177	2.5651	-339.0000	739184.996554
6.5587	-1.5391	2.7227	-342.0000	739184.996554
6.6717	-1.9835	2.7812	-360.0000	739184.996554
6.7869	-2.4321	2.8047	-351.0000	739184.996554
6.8878	-2.8546	2.9543	-333.0000	739184.996554
6.9978	-2.9195	2.9918	-315.0000	739184.996554
7.1094	-2.9195	2.9918	-297.0000	739184.996554
7.2173	-3.0844	3.4104	-291.0000	739184.996554
7.3243	-3.2983	3.8043	-306.0000	739184.996554
7.4276	-3.6078	4.1305	-315.0000	739184.996554
7.5404	-3.8454	4.3128	-333.0000	739184.996554
7.6476	-3.8454	4.3128	-351.0000	739184.996554
7.7600	-3.8454	4.3128	-369.0000	739184.996554
7.8753	-3.8454	4.3128	-390.0000	739184.996554
7.9858	-3.8984	4.2597	-405.0000	739184.996554
8.1015	-4.0045	4.1537	-405.0000	739184.996554
8.2032	-4.0045	4.1537	-405.0000	739184.996554
8.3105	-4.0045	4.1537	-414.0000	739184.996554
8.4198	-4.0045	4.1537	-420.0000	739184.996554
8.5307	-4.0045	4.1537	-405.0000	739184.996554
8.6439	-4.0045	4.1537	-387.0000	739184.996554
8.7605	-4.1494	4.1149	-375.0000	739184.996554
8.8656	-4.5840	3.9984	-375.0000	739184.996554
8.9743	-4.8727	3.9170	-384.0000	739184.996554
9.0888	-4.8727	3.9170	-402.0000	739184.996554
9.1959	-4.8727	3.9170	-420.0000	739184.996554
9.2985	-4.8727	3.9170	-438.0000	739184.996554
9.4082	-4.8727	3.9170	-459.0000	739184.996554
9.5156	-4.7921	3.7069	-471.0000	739184.996554
9.6284	-4.6684	3.2757	-459.0000	739184.996554
9.7311	-4.6801	2.8276	-441.0000	739184.996554
9.8506	-4.7737	2.3875	-438.0000	739184.996554
9.9547	-4.8556	1.9454	-444.0000	739184.996554
10.0549	-4.8205	1.4985	-462.0000	739184.996554
10.1650	-4.6631	1.0777	-471.0000	739184.996554
10.2770	-4.5814	0.6370	-453.0000	739184.996554
10.3830	-4.5814	0.5620	-435.0000	739184.996554
10.4920	-4.5814	0.5620	-417.0000	739184.996554
10.5993	-4.5814	0.5620	-399.0000	739184.996554
10.7076	-4.6500	0.5315	-384.0000	739184.996554
10.8215	-5.1296	0.3179	-384.0000	739184.996554
10.9325	-5.4119	0.2180	-369.0000	739184.996554
11.0402	-5.4119	0.2180	-351.0000	739184.996554
11.1408	-5.4119	0.2180	-336.0000	739184.996554
11.2468	-5.4119	0.2180	-321.0000	739184.996554
11.3603	-5.4119	0.2180	-303.0000	739184.996554
11.4712	-5.5571	0.5634	-291.0000	739184.996554
11.5887	-5.7452	1.0535	-291.0000	739184.996554
11.6899	-5.8502	1.4907	-282.0000	739184.996554
11.8045	-5.8658	1.5641	-282.0000	739184.996554
11.9104	-5.8658	1.5641	-282.0000	739184.996554
12.0230	-5.8736	1.6387	-273.0000	739184.996554
12.1316	-5.8151	2.0830	-255.0000	739184.996554
12.2421	-5.6760	2.5110	-252.0000	739184.996554
12.3542	-5.5252	3.0135	-258.0000	739184.996554
12.4580	-5.5095	3.4618	-273.0000	739184.996554
12.5712	-5.5370	3.9861	-273.0000	739184.996554
12.6714	-5.5605	4.4355	-273.0000	739184.996554
12.7884	-5.5919	4.9595	-276.0000	739184.996554
12.9090	-5.7533	5.4560	-297.0000	739184.996554
13.0235	-5.9950	5.8355	-303.0000	739184.996554
0.1156	0.0000	0.0000	45.0000	739185.460084
0.2318	0.0000	0.0000	45.0000	739185.460084
0.3480	0.0000	0.0000	45.0000	739185.460084
0.4643	0.0000	0.0000	45.0000	739185.460084
0.5806	0.0000	0.0000	45.0000	739185.460084
0.6968	0.0000	0.0000	45.0000	739185.460084
0.8130	0.0000	0.0000	45.0000	739185.460084
0.9292	0.0000	0.0000	45.0000	739185.460084
1.0301	0.0000	0.0000	45.0000	739185.460084
1.1452	0.0000	0.0000	45.0000	739185.460084
1.2618	0.0000	0.0000	45.0000	739185.460084
1.3777	0.0000	0.0000	45.0000	739185.460084
1.4938	0.0000	0.0000	45.0000	739185.460084
1.6100	-0.2652	0.2652	45.0000	739185.460084
1.7262	-0.3712	0.3712	45.0000	739185.460084
1.8431	-0.3712	0.3712	45.0000	739185.460084
1.9587	-0.3712	0.3712	45.0000	739185.460084
2.0750	-0.3712	0.3712	45.0000	739185.460084
2.1912	-0.3712	0.3712	63.0000	739185.460084
2.3075	-0.3712	0.3712	66.0000	739185.460084
2.4237	-0.3712	0.3712	66.0000	739185.460084
2.5400	-0.3712	0.3712	87.0000	739185.460084
2.6402	-0.3712	0.3712	93.0000	739185.460084
2.7559	-0.3712	0.3712	93.0000	739185.460084
2.8720	-0.3712	0.3712	90.0000	739185.460084
2.9883	-0.3712	0.3712	75.0000	739185.460084
3.1046	-0.3712	0.3712	75.0000	739185.460084
3.2211	-0.3712	0.3712	75.0000	739185.460084
3.3371	-0.3712	0.3712	78.0000	739185.460084
3.4372	-0.3712	0.3712	93.0000	739185.460084
3.5535	-0.3712	0.3712	93.0000	739185.460084
3.6695	-0.3438	0.8955	93.0000	739185.460084
3.7860	-0.3163	1.4198	93.0000	739185.460084
3.9023	-0.2888	1.9441	93.0000	739185.460084
4.0183	-0.2613	2.4684	93.0000	739185.460084
4.1345	-0.2338	2.9926	93.0000	739185.460084
4.2506	-0.2181	3.2922	87.0000	739185.460084
4.3669	-0.2181	3.2922	66.0000	739185.460084
4.4831	-0.2181	3.2922	45.0000	739185.460084
4.5996	-0.2181	3.2922	24.0000	739185.460084
4.7156	-0.2181	3.2922	3.0000	739185.460084
4.8318	-0.2181	3.2922	-3.0000	739185.460084
4.9480	-0.2181	3.2922	-3.0000	739185.460084
5.0643	-0.2181	3.2922	-3.0000	739185.460084
5.1809	-0.2181	3.2922	-9.0000	739185.460084
5.2968	-0.2181	3.2922	-30.0000	739185.460084
5.4130	-0.2181	3.2922	-45.0000	739185.460084
5.5296	-0.2181	3.2922	-45.0000	739185.460084
5.6458	-0.3772	3.1331	-45.0000	739185.460084
5.7621	-0.7485	2.7619	-45.0000	739185.460084
5.8781	-0.9606	2.5498	-39.0000	739185.460084
5.9939	-0.9606	2.5498	-18.0000	739185.460084
6.1102	-0.9606	2.5498	-12.0000	739185.460084
6.2265	-0.9606	2.5498	-12.0000	739185.460084
6.3427	-1.3274	2.4718	-12.0000	739185.460084
6.4590	-1.8409	2.3626	-12.0000	739185.460084
6.5753	-1.8409	2.3626	-12.0000	739185.460084
6.6914	-2.1344	2.3003	-12.0000	739185.460084
6.8077	-2.5746	2.2067	-12.0000	739185.460084
6.9240	-2.5746	2.2067	-12.0000	739185.460084
7.0402	-2.5746	2.2067	9.0000	739185.460084
7.1567	-2.5746	2.2067	12.0000	739185.460084
7.2725	-2.5746	2.2067	12.0000	739185.460084
7.3889	-3.0881	2.3159	12.0000	739185.460084
7.5050	-3.0881	2.3159	12.0000	739185.460084
7.6213	-3.0881	2.3159	33.0000	739185.460084
7.7375	-3.0881	2.3159	51.0000	739185.460084
7.8537	-3.0881	2.3159	51.0000	739185.460084
7.9700	-3.4185	2.7239	51.0000	739185.460084
8.0862	-3.5601	2.8987	51.0000	739185.460084
8.2024	-3.5601	2.8987	51.0000	739185.460084
8.3187	-3.5601	2.8987	63.0000	739185.460084
8.4349	-3.5601	2.8987	84.0000	739185.460084
8.5513	-3.5601	2.8987	84.0000	739185.460084
8.6674	-3.5601	2.8987	84.0000	739185.460084
8.7836	-3.5601	2.8987	84.0000	739185.460084
8.8999	-3.5601	2.8987	99.0000	739185.460084
9.0162	-3.5601	2.8987	99.0000	739185.460084
9.1326	-3.5601	2.8987	99.0000	739185.460084
9.2486	-3.5131	3.1950	99.0000	739185.460084
9.3650	-3.5131	3.1950	99.0000	739185.460084
9.4810	-3.5131	3.1950	99.0000	739185.460084
9.5973	-3.5014	3.2691	99.0000	739185.460084
9.7138	-3.4427	3.6395	99.0000	739185.460084
9.8298	-3.4427	3.6395	99.0000	739185.460084
9.9461	-3.4427	3.6395	120.0000	739185.460084
10.0622	-3.4427	3.6395	135.0000	739185.460084
10.1785	-3.4427	3.6395	135.0000	739185.460084
10.2948	-3.4427	3.6395	147.0000	739185.460084
10.4112	-3.4427	3.6395	168.0000	739185.460084
10.5273	-3.4427	3.6395	186.0000	739185.460084
10.6435	-3.4427	3.6395	186.0000	739185.460084
10.7598	-3.4427	3.6395	186.0000	739185.460084
10.8760	-3.4427	3.6395	186.0000	739185.460084
10.9922	-3.4427	3.6395	186.0000	739185.460084
11.1085	-3.4427	3.6395	186.0000	739185.460084
11.2247	-3.4427	3.6395	186.0000	739185.460084
11.3409	-3.4427	3.6395	186.0000	739185.460084
11.4572	-3.4427	3.6395	186.0000	739185.460084
11.5734	-3.4427	3.6395	186.0000	739185.460084
11.6898	-3.4427	3.6395	186.0000	739185.460084
11.8059	-3.4427	3.6395	186.0000	739185.460084
11.9220	-3.4427	3.6395	186.0000	739185.460084
12.0383	-3.4427	3.6395	186.0000	739185.460084
12.1546	-3.4427	3.6395	186.0000	739185.460084
12.2711	-3.4427	3.6395	186.0000	739185.460084
12.3871	-3.4427	3.6395	171.0000	739185.460084
12.5033	-3.4427	3.6395	171.0000	739185.460084
12.6195	-3.2205	3.6747	171.0000	739185.460084
12.7359	-2.7761	3.7451	171.0000	739185.460084
12.8521	-2.7761	3.7451	171.0000	739185.460084
12.9683	-2.7761	3.7451	192.0000	739185.460084
13.0846	-2.7761	3.7451	213.0000	739185.460084
13.2007	-2.7761	3.7451	234.0000	739185.460084
13.3170	-2.7761	3.7451	252.0000	739185.460084
13.4332	-2.7761	3.7451	252.0000	739185.460084
13.5494	-2.7761	3.7451	252.0000	739185.460084
13.6495	-2.7761	3.7451	252.0000	739185.460084
13.7654	-2.7761	3.7451	264.0000	739185.460084
13.8654	-2.7761	3.7451	282.0000	739185.460084
13.9818	-2.7761	3.7451	282.0000	739185.460084
14.0980	-2.8072	3.5984	282.0000	739185.460084
14.2142	-2.8384	3.4516	282.0000	739185.460084
14.3304	-2.8384	3.4516	282.0000	739185.460084
14.4465	-2.8384	3.4516	282.0000	739185.460084
14.5627	-2.8384	3.4516	282.0000	739185.460084
14.6790	-2.8384	3.4516	282.0000	739185.460084
14.7953	-2.8384	3.4516	282.0000	739185.460084
14.9118	-2.8384	3.4516	282.0000	739185.460084
15.0283	-2.8384	3.4516	270.0000	739185.460084
15.1439	-2.8384	3.4516	261.0000	739185.460084
15.2602	-2.8384	3.4516	261.0000	739185.460084
15.3764	-2.8384	3.4516	261.0000	739185.460084
15.4925	-2.8384	3.4516	261.0000	739185.460084
15.6088	-2.8384	3.4516	267.0000	739185.460084
15.7251	-2.8384	3.4516	273.0000	739185.460084
15.8413	-2.8384	3.4516	273.0000	739185.460084
15.9576	-2.8384	3.4516	273.0000	739185.460084
16.0739	-2.8384	3.4516	273.0000	739185.460084
16.1900	-2.8384	3.4516	273.0000	739185.460084
16.3063	-2.8384	3.4516	273.0000	739185.460084
16.4225	-2.8384	3.4516	273.0000	739185.460084
16.5388	-2.8384	3.4516	273.0000	739185.460084
16.6552	-2.8384	3.4516	273.0000	739185.460084
16.7714	-2.8384	3.4516	273.0000	739185.460084
16.8876	-2.8384	3.4516	273.0000	739185.460084
17.0040	-2.8384	3.4516	273.0000	739185.460084
17.1200	-2.8384	3.4516	273.0000	739185.460084
17.2364	-2.8384	3.4516	273.0000	739185.460084
17.3526	-2.8384	3.4516	273.0000	739185.460084
17.4687	-2.8384	3.4516	273.0000	739185.460084
17.5852	-2.8384	3.4516	273.0000	739185.460084
17.7014	-2.8384	3.4516	273.0000	739185.460084
17.8177	-2.8384	3.4516	273.0000	739185.460084
17.9338	-2.8384	3.4516	273.0000	739185.460084
18.0498	-2.8384	3.4516	273.0000	739185.460084
18.1661	-2.8384	3.4516	273.0000	739185.460084
18.2822	-2.8384	3.4516	273.0000	739185.460084
18.3985	-2.8384	3.4516	273.0000	739185.460084
18.5149	-2.8384	3.4516	273.0000	739185.460084
18.6310	-2.8384	3.4516	273.0000	739185.460084
18.7472	-2.8384	3.4516	273.0000	739185.460084
18.8636	-2.8384	3.4516	273.0000	739185.460084
18.9798	-2.8384	3.4516	273.0000	739185.460084
19.0960	-2.8384	3.4516	273.0000	739185.460084
19.2122	-2.8384	3.4516	273.0000	739185.460084
19.3285	-2.8384	3.4516	273.0000	739185.460084
19.4449	-2.8384	3.4516	273.0000	739185.460084
19.5609	-2.8384	3.4516	273.0000	739185.460084
19.6772	-2.8384	3.4516	273.0000	739185.460084
19.7935	-2.8384	3.4516	273.0000	739185.460084
19.9097	-2.8384	3.4516	273.0000	739185.460084
20.0259	-2.8384	3.4516	273.0000	739185.460084
20.1422	-2.8384	3.4516	273.0000	739185.460084
20.2584	-2.8384	3.4516	273.0000	739185.460084
20.3747	-2.8384	3.4516	273.0000	739185.460084
20.4908	-2.8384	3.4516	273.0000	739185.460084
20.6071	-2.8384	3.4516	273.0000	739185.460084
20.7234	-2.8384	3.4516	273.0000	739185.460084
20.8395	-2.8384	3.4516	273.0000	739185.460084
20.9558	-2.8384	3.4516	273.0000	739185.460084
21.0720	-2.8384	3.4516	273.0000	739185.460084
21.1885	-2.8384	3.4516	273.0000	739185.460084
21.3045	-2.8384	3.4516	273.0000	739185.460084
21.4209	-2.8384	3.4516	273.0000	739185.460084
21.5370	-2.8384	3.4516	273.0000	739185.460084
21.6533	-2.8384	3.4516	273.0000	739185.460084
21.7694	-2.8384	3.4516	273.0000	739185.460084
21.8857	-2.8384	3.4516	273.0000	739185.460084
22.0020	-2.8384	3.4516	273.0000	739185.460084
22.1181	-2.8384	3.4516	273.0000	739185.460084
22.2345	-2.8384	3.4516	273.0000	739185.460084
22.3507	-2.8384	3.4516	273.0000	739185.460084
22.4669	-2.8384	3.4516	273.0000	739185.460084
22.5831	-2.8384	3.4516	273.0000	739185.460084
22.6993	-2.8384	3.4516	273.0000	739185.460084
22.8158	-2.8384	3.4516	273.0000	739185.460084
22.9320	-2.8384	3.4516	273.0000	739185.460084
23.0482	-2.8384	3.4516	273.0000	739185.460084
23.1645	-2.8384	3.4516	273.0000	739185.460084
23.2805	-2.8384	3.4516	273.0000	739185.460084
23.3806	-2.8384	3.4516	273.0000	739185.460084
23.4963	-2.8384	3.4516	273.0000	739185.460084
23.6124	-2.8384	3.4516	273.0000	739185.460084
23.7287	-2.8384	3.4516	273.0000	739185.460084
23.8448	-2.8384	3.4516	273.0000	739185.460084
23.9613	-2.8384	3.4516	273.0000	739185.460084
24.0773	-2.8384	3.4516	273.0000	739185.460084
24.1936	-2.8384	3.4516	273.0000	739185.460084
24.3099	-2.8384	3.4516	273.0000	739185.460084
24.4262	-2.8384	3.4516	273.0000	739185.460084
24.5423	-2.8384	3.4516	273.0000	739185.460084
24.6586	-2.8384	3.4516	273.0000	739185.460084
24.7586	-2.8384	3.4516	273.0000	739185.460084
24.8745	-2.8384	3.4516	273.0000	739185.460084
24.9908	-2.8384	3.4516	273.0000	739185.460084
25.0909	-2.8384	3.4516	273.0000	739185.460084
25.2069	-2.8384	3.4516	273.0000	739185.460084
25.3230	-2.8384	3.4516	273.0000	739185.460084
25.4396	-2.8384	3.4516	273.0000	739185.460084
25.5557	-2.8384	3.4516	273.0000	739185.460084
25.6718	-2.8384	3.4516	273.0000	739185.460084
25.7880	-2.8384	3.4516	273.0000	739185.460084
25.9043	-2.8384	3.4516	273.0000	739185.460084
26.0206	-2.8384	3.4516	273.0000	739185.460084
26.1369	-2.8384	3.4516	273.0000	739185.460084
26.2530	-2.8384	3.4516	273.0000	739185.460084
26.3692	-2.8384	3.4516	273.0000	739185.460084
26.4853	-2.8384	3.4516	273.0000	739185.460084
26.6018	-2.8384	3.4516	273.0000	739185.460084
26.7181	-2.8384	3.4516	273.0000	739185.460084
26.8344	-2.8384	3.4516	273.0000	739185.460084
26.9504	-2.8384	3.4516	273.0000	739185.460084
27.0670	-2.8384	3.4516	273.0000	739185.460084
27.1830	-2.8384	3.4516	273.0000	739185.460084
27.2991	-2.8384	3.4516	273.0000	739185.460084
27.4154	-2.8384	3.4516	273.0000	739185.460084
27.5316	-2.8384	3.4516	273.0000	739185.460084
27.6478	-2.8384	3.4516	273.0000	739185.460084
27.7640	-2.8384	3.4516	273.0000	739185.460084
27.8802	-2.8384	3.4516	273.0000	739185.460084
27.9966	-2.8384	3.4516	273.0000	739185.460084
28.1128	-2.8384	3.4516	273.0000	739185.460084
28.2289	-2.8384	3.4516	273.0000	739185.460084
28.3454	-2.8384	3.4516	273.0000	739185.460084
28.4615	-2.8384	3.4516	273.0000	739185.460084
28.5778	-2.8384	3.4516	273.0000	739185.460084
28.6941	-2.8384	3.4516	273.0000	739185.460084
28.8103	-2.8384	3.4516	273.0000	739185.460084
28.9264	-2.8384	3.4516	273.0000	739185.460084
29.0428	-2.8384	3.4516	273.0000	739185.460084
29.1589	-2.8384	3.4516	273.0000	739185.460084
29.2753	-2.8384	3.4516	273.0000	739185.460084
29.3912	-2.8384	3.4516	273.0000	739185.460084
29.5074	-2.8384	3.4516	273.0000	739185.460084
29.6237	-2.8384	3.4516	273.0000	739185.460084
29.7399	-2.8384	3.4516	273.0000	739185.460084
29.8561	-2.8384	3.4516	273.0000	739185.460084
29.9723	-2.8384	3.4516	273.0000	739185.460084
30.0886	-2.8384	3.4516	273.0000	739185.460084
30.2049	-2.8384	3.4516	273.0000	739185.460084
30.3211	-2.8384	3.4516	273.0000	739185.460084
30.4372	-2.8384	3.4516	273.0000	739185.460084
30.5536	-2.8384	3.4516	273.0000	739185.460084
30.6698	-2.8384	3.4516	273.0000	739185.460084
30.7859	-2.8384	3.4516	273.0000	739185.460084
30.9023	-2.8384	3.4516	273.0000	739185.460084
31.0185	-2.8384	3.4516	273.0000	739185.460084
31.1348	-2.8384	3.4516	273.0000	739185.460084
31.2513	-2.8384	3.4516	273.0000	739185.460084
31.3672	-2.8384	3.4516	273.0000	739185.460084
31.4834	-2.8384	3.4516	288.0000	739185.460084
31.5997	-2.8384	3.4516	291.0000	739185.460084
31.7160	-2.8384	3.4516	303.0000	739185.460084
31.8325	-2.8384	3.4516	324.0000	739185.460084
31.9484	-2.8384	3.4516	345.0000	739185.460084
32.0647	-2.8384	3.4516	363.0000	739185.460084
32.1808	-2.8384	3.4516	363.0000	739185.460084
32.2972	-2.8384	3.4516	363.0000	739185.460084
32.4134	-2.8384	3.4516	363.0000	739185.460084
32.5296	-2.8384	3.4516	363.0000	739185.460084
32.6458	-2.8384	3.4516	363.0000	739185.460084
32.7621	-2.8384	3.4516	363.0000	739185.460084
32.8782	-2.8384	3.4516	363.0000	739185.460084
32.9947	-2.8384	3.4516	363.0000	739185.460084
33.1109	-2.8384	3.4516	363.0000	739185.460084
33.2271	-2.8384	3.4516	363.0000	739185.460084
33.3433	-2.8384	3.4516	363.0000	739185.460084
33.4595	-2.8384	3.4516	363.0000	739185.460084
33.5757	-2.8384	3.4516	363.0000	739185.460084
33.6920	-2.8384	3.4516	363.0000	739185.460084
33.8085	-2.8384	3.4516	363.0000	739185.460084
33.9245	-2.8384	3.4516	363.0000	739185.460084
34.0407	-2.8384	3.4516	363.0000	739185.460084
34.1569	-2.8384	3.4516	363.0000	739185.460084
34.2732	-2.8384	3.4516	363.0000	739185.460084
34.3901	-2.8384	3.4516	363.0000	739185.460084
34.5056	-2.8384	3.4516	363.0000	739185.460084
34.6220	-2.8384	3.4516	363.0000	739185.460084
34.7382	-2.8384	3.4516	363.0000	739185.460084
34.8543	-2.8384	3.4516	363.0000	739185.460084
34.9711	-2.8384	3.4516	363.0000	739185.460084
35.0869	-2.8384	3.4516	363.0000	739185.460084
35.2032	-2.8384	3.4516	363.0000	739185.460084
35.3193	-2.8384	3.4516	363.0000	739185.460084
35.4356	-2.8384	3.4516	363.0000	739185.460084
35.5519	-2.8384	3.4516	363.0000	739185.460084
35.6680	-2.8384	3.4516	363.0000	739185.460084
35.7842	-2.8384	3.4516	363.0000	739185.460084
35.9006	-2.8384	3.4516	363.0000	739185.460084
36.0168	-2.8384	3.4516	363.0000	739185.460084
36.1331	-2.8384	3.4516	363.0000	739185.460084
36.2493	-2.8384	3.4516	363.0000	739185.460084
36.3654	-2.8384	3.4516	363.0000	739185.460084
36.4817	-2.8384	3.4516	363.0000	739185.460084
36.5979	-2.8384	3.4516	363.0000	739185.460084
36.7142	-2.8384	3.4516	363.0000	739185.460084
36.8306	-2.8384	3.4516	363.0000	739185.460084
36.9471	-2.8384	3.4516	363.0000	739185.460084
37.0629	-2.8384	3.4516	363.0000	739185.460084
37.1791	-2.8384	3.4516	363.0000	739185.460084
37.2954	-2.8384	3.4516	363.0000	739185.460084
37.4116	-2.8384	3.4516	363.0000	739185.460084
37.5282	-2.8384	3.4516	363.0000	739185.460084
37.6441	-2.8384	3.4516	363.0000	739185.460084
37.7604	-2.8384	3.4516	363.0000	739185.460084
37.8766	-2.8384	3.4516	363.0000	739185.460084
37.9929	-2.8384	3.4516	363.0000	739185.460084
38.1091	-2.8384	3.4516	363.0000	739185.460084
38.2253	-2.8384	3.4516	363.0000	739185.460084
38.3416	-2.8384	3.4516	363.0000	739185.460084
38.4577	-2.8384	3.4516	363.0000	739185.460084
38.5740	-2.8384	3.4516	363.0000	739185.460084
38.6903	-2.8384	3.4516	363.0000	739185.460084
38.8066	-2.8384	3.4516	363.0000	739185.460084
38.9227	-2.8384	3.4516	363.0000	739185.460084
39.0390	-2.8384	3.4516	363.0000	739185.460084
39.1552	-2.8384	3.4516	363.0000	739185.460084
39.2714	-2.8384	3.4516	363.0000	739185.460084
39.3877	-2.8384	3.4516	363.0000	739185.460084
39.5047	-2.8384	3.4516	363.0000	739185.460084
39.6202	-2.8384	3.4516	363.0000	739185.460084
39.7364	-2.8384	3.4516	363.0000	739185.460084
39.8526	-2.8384	3.4516	363.0000	739185.460084
39.9689	-2.8384	3.4516	363.0000	739185.460084
40.0853	-2.8384	3.4516	363.0000	739185.460084
40.2015	-2.8384	3.4516	363.0000	739185.460084
40.3176	-2.8384	3.4516	363.0000	739185.460084
40.4339	-2.8384	3.4516	363.0000	739185.460084
40.5501	-2.8384	3.4516	363.0000	739185.460084
40.6663	-2.8384	3.4516	363.0000	739185.460084
40.7825	-2.8384	3.4516	363.0000	739185.460084
40.8988	-2.8384	3.4516	363.0000	739185.460084
41.0151	-2.8384	3.4516	363.0000	739185.460084
41.1313	-2.8384	3.4516	363.0000	739185.460084
41.2475	-2.8384	3.4516	363.0000	739185.460084
41.3637	-2.8384	3.4516	363.0000	739185.460084
41.4800	-2.8384	3.4516	363.0000	739185.460084
41.5962	-2.8384	3.4516	363.0000	739185.460084
41.7125	-2.8384	3.4516	363.0000	739185.460084
41.8288	-2.8384	3.4516	363.0000	739185.460084
41.9450	-2.8384	3.4516	363.0000	739185.460084
42.0616	-2.8384	3.4516	363.0000	739185.460084
42.1773	-2.8384	3.4516	363.0000	739185.460084
42.2937	-2.8384	3.4516	363.0000	739185.460084
42.4099	-2.8384	3.4516	363.0000	739185.460084
42.5262	-2.8384	3.4516	363.0000	739185.460084
42.6426	-2.8384	3.4516	363.0000	739185.460084
42.7586	-2.8384	3.4516	363.0000	739185.460084
42.8748	-2.8384	3.4516	363.0000	739185.460084
42.9911	-2.8384	3.4516	363.0000	739185.460084
43.1074	-2.8384	3.4516	363.0000	739185.460084
43.2235	-2.8384	3.4516	363.0000	739185.460084
43.3398	-2.8384	3.4516	363.0000	739185.460084
43.4560	-2.8384	3.4516	363.0000	739185.460084
43.5722	-2.8384	3.4516	363.0000	739185.460084
43.6885	-2.8384	3.4516	363.0000	739185.460084
43.8048	-2.8384	3.4516	363.0000	739185.460084
43.9210	-2.8384	3.4516	363.0000	739185.460084
44.0373	-2.8384	3.4516	363.0000	739185.460084
44.1535	-2.8384	3.4516	363.0000	739185.460084
44.2698	-2.8384	3.4516	363.0000	739185.460084
44.3860	-2.8384	3.4516	363.0000	739185.460084
44.5022	-2.8384	3.4516	363.0000	739185.460084
44.6186	-2.8384	3.4516	363.0000	739185.460084
44.7346	-2.8384	3.4516	363.0000	739185.460084
44.8510	-2.8384	3.4516	363.0000	739185.460084
44.9673	-2.8384	3.4516	363.0000	739185.460084
45.0835	-2.8384	3.4516	363.0000	739185.460084
45.1999	-2.8384	3.4516	363.0000	739185.460084
45.3159	-2.8384	3.4516	363.0000	739185.460084
45.4321	-2.8384	3.4516	363.0000	739185.460084
45.5483	-2.8384	3.4516	363.0000	739185.460084
45.6646	-2.8384	3.4516	363.0000	739185.460084
45.7807	-2.8384	3.4516	363.0000	739185.460084
45.8971	-2.8384	3.4516	363.0000	739185.460084
46.0133	-2.8384	3.4516	363.0000	739185.460084
46.1297	-2.8384	3.4516	363.0000	739185.460084
46.2458	-2.8384	3.4516	363.0000	739185.460084
46.3620	-2.8384	3.4516	363.0000	739185.460084
46.4783	-2.8384	3.4516	363.0000	739185.460084
46.5947	-2.8384	3.4516	363.0000	739185.460084
46.7108	-2.8384	3.4516	363.0000	739185.460084
46.8271	-2.8384	3.4516	363.0000	739185.460084
46.9432	-2.8384	3.4516	363.0000	739185.460084
47.0595	-2.8384	3.4516	363.0000	739185.460084
47.1760	-2.8384	3.4516	363.0000	739185.460084
47.2920	-2.8384	3.4516	363.0000	739185.460084
47.4082	-2.8384	3.4516	363.0000	739185.460084
47.5244	-2.8384	3.4516	363.0000	739185.460084
47.6406	-2.8384	3.4516	363.0000	739185.460084
47.7407	-2.8384	3.4516	363.0000	739185.460084
47.8570	-2.8384	3.4516	363.0000	739185.460084
47.9734	-2.8384	3.4516	363.0000	739185.460084
48.0898	-2.8384	3.4516	363.0000	739185.460084
48.2057	-2.8384	3.4516	363.0000	739185.460084
48.3221	-2.8384	3.4516	363.0000	739185.460084
48.4384	-2.8384	3.4516	363.0000	739185.460084
48.5547	-2.8384	3.4516	363.0000	739185.460084
48.6709	-2.8384	3.4516	363.0000	739185.460084
48.7871	-2.8384	3.4516	363.0000	739185.460084
48.9031	-2.8384	3.4516	363.0000	739185.460084
49.0196	-2.8384	3.4516	363.0000	739185.460084
49.1360	-2.8384	3.4516	363.0000	739185.460084
49.2518	-2.8384	3.4516	363.0000	739185.460084
49.3682	-2.8384	3.4516	363.0000	739185.460084
49.4844	-2.8384	3.4516	363.0000	739185.460084
49.6009	-2.8384	3.4516	363.0000	739185.460084
49.7167	-2.8384	3.4516	363.0000	739185.460084
49.8330	-2.8384	3.4516	363.0000	739185.460084
49.9493	-2.8384	3.4516	363.0000	739185.460084
50.0658	-2.8384	3.4516	363.0000	739185.460084
50.1817	-2.8384	3.4516	363.0000	739185.460084
50.2983	-2.8384	3.4516	363.0000	739185.460084
50.4145	-2.8384	3.4516	363.0000	739185.460084
50.5307	-2.8384	3.4516	363.0000	739185.460084
50.6469	-2.8384	3.4516	363.0000	739185.460084
50.7632	-2.8384	3.4516	363.0000	739185.460084
50.8793	-2.8384	3.4516	363.0000	739185.460084
50.9953	-2.8384	3.4516	363.0000	739185.460084
51.1118	-2.8384	3.4516	363.0000	739185.460084
51.2283	-2.8384	3.4516	363.0000	739185.460084
51.3442	-2.8384	3.4516	363.0000	739185.460084
51.4604	-2.8384	3.4516	363.0000	739185.460084
51.5769	-2.8384	3.4516	363.0000	739185.460084
51.6931	-2.8384	3.4516	363.0000	739185.460084
51.8093	-2.8384	3.4516	363.0000	739185.460084
51.9257	-2.8384	3.4516	363.0000	739185.460084
52.0417	-2.8384	3.4516	363.0000	739185.460084
52.1577	-2.8384	3.4516	363.0000	739185.460084
52.2742	-2.8384	3.4516	363.0000	739185.460084
52.3905	-2.8384	3.4516	363.0000	739185.460084
52.5067	-2.8384	3.4516	363.0000	739185.460084
52.6230	-2.8384	3.4516	363.0000	739185.460084
52.7390	-2.8384	3.4516	363.0000	739185.460084
52.8554	-2.8384	3.4516	363.0000	739185.460084
52.9717	-2.8384	3.4516	363.0000	739185.460084
53.0879	-2.8384	3.4516	363.0000	739185.460084
53.2043	-2.8384	3.4516	363.0000	739185.460084
53.3203	-2.8384	3.4516	363.0000	739185.460084
53.4365	-2.8384	3.4516	363.0000	739185.460084
53.5527	-2.8384	3.4516	363.0000	739185.460084
53.6688	-2.8384	3.4516	363.0000	739185.460084
53.7851	-2.8384	3.4516	363.0000	739185.460084
53.9015	-2.8384	3.4516	363.0000	739185.460084
54.0178	-2.8384	3.4516	363.0000	739185.460084
54.1339	-2.8384	3.4516	363.0000	739185.460084
54.2501	-2.8384	3.4516	363.0000	739185.460084
54.3665	-2.8384	3.4516	363.0000	739185.460084
54.4827	-2.8384	3.4516	363.0000	739185.460084
54.5990	-2.8384	3.4516	363.0000	739185.460084
54.7153	-2.8384	3.4516	363.0000	739185.460084
54.8314	-2.8384	3.4516	363.0000	739185.460084
54.9477	-2.8384	3.4516	363.0000	739185.460084
55.0640	-2.8384	3.4516	363.0000	739185.460084
55.1799	-2.8384	3.4516	363.0000	739185.460084
55.2964	-2.8384	3.4516	363.0000	739185.460084
55.4126	-2.8384	3.4516	363.0000	739185.460084
55.5290	-2.8384	3.4516	363.0000	739185.460084
55.6452	-2.8384	3.4516	363.0000	739185.460084
55.7614	-2.8384	3.4516	363.0000	739185.460084
55.8774	-2.8384	3.4516	363.0000	739185.460084
55.9936	-2.8384	3.4516	363.0000	739185.460084
56.1101	-2.8384	3.4516	363.0000	739185.460084
56.2263	-2.8384	3.4516	363.0000	739185.460084
56.3426	-2.8384	3.4516	363.0000	739185.460084
56.4585	-2.8384	3.4516	363.0000	739185.460084
56.5750	-2.8384	3.4516	363.0000	739185.460084
56.6911	-2.8384	3.4516	363.0000	739185.460084
56.8073	-2.8384	3.4516	363.0000	739185.460084
56.9238	-2.8384	3.4516	363.0000	739185.460084
57.0400	-2.8384	3.4516	363.0000	739185.460084
57.1561	-2.8384	3.4516	363.0000	739185.460084
57.2725	-2.8384	3.4516	363.0000	739185.460084
57.3888	-2.8384	3.4516	363.0000	739185.460084
57.5048	-2.8384	3.4516	363.0000	739185.460084
57.6212	-2.8384	3.4516	363.0000	739185.460084
57.7373	-2.8384	3.4516	363.0000	739185.460084
57.8535	-2.8384	3.4516	363.0000	739185.460084
57.9696	-2.8384	3.4516	363.0000	739185.460084
58.0860	-2.8384	3.4516	363.0000	739185.460084
58.2026	-2.8384	3.4516	363.0000	739185.460084
58.3186	-2.8384	3.4516	363.0000	739185.460084
58.4347	-2.8384	3.4516	363.0000	739185.460084
58.5506	-2.8384	3.4516	363.0000	739185.460084
58.6675	-2.8384	3.4516	363.0000	739185.460084
58.7831	-2.8384	3.4516	363.0000	739185.460084
58.8994	-2.8384	3.4516	363.0000	739185.460084
59.0155	-2.8384	3.4516	363.0000	739185.460084
59.1318	-2.8384	3.4516	363.0000	739185.460084
59.2480	-2.8384	3.4516	363.0000	739185.460084
59.3643	-2.8384	3.4516	363.0000	739185.460084
59.4644	-2.8384	3.4516	363.0000	739185.460084
59.5801	-2.8384	3.4516	363.0000	739185.460084
59.6963	-2.8384	3.4516	363.0000	739185.460084
59.8126	-2.8384	3.4516	363.0000	739185.460084
59.9288	-2.8384	3.4516	363.0000	739185.460084
60.0454	-2.8384	3.4516	363.0000	739185.460084
60.1614	-2.8384	3.4516	363.0000	739185.460084
60.2777	-2.8384	3.4516	363.0000	739185.460084
60.3938	-2.8384	3.4516	363.0000	739185.460084
60.5100	-2.8384	3.4516	363.0000	739185.460084
60.6263	-2.8384	3.4516	363.0000	739185.460084
60.7425	-2.8384	3.4516	363.0000	739185.460084
60.8427	-2.8384	3.4516	363.0000	739185.460084
60.9583	-2.8384	3.4516	363.0000	739185.460084
61.0584	-2.8384	3.4516	363.0000	739185.460084
61.1746	-2.8384	3.4516	363.0000	739185.460084
61.2910	-2.8384	3.4516	363.0000	739185.460084
61.4073	-2.8384	3.4516	363.0000	739185.460084
61.5236	-2.8384	3.4516	363.0000	739185.460084
61.6398	-2.8384	3.4516	363.0000	739185.460084
61.7557	-2.8384	3.4516	363.0000	739185.460084
61.8720	-2.8384	3.4516	363.0000	739185.460084
61.9885	-2.8384	3.4516	363.0000	739185.460084
62.1048	-2.8384	3.4516	363.0000	739185.460084
62.2210	-2.8384	3.4516	363.0000	739185.460084
62.3374	-2.8384	3.4516	363.0000	739185.460084
62.4533	-2.8384	3.4516	363.0000	739185.460084
62.5695	-2.8384	3.4516	363.0000	739185.460084
62.6859	-2.8384	3.4516	363.0000	739185.460084
62.8020	-2.8384	3.4516	363.0000	739185.460084
62.9186	-2.8384	3.4516	363.0000	739185.460084
63.0347	-2.8384	3.4516	363.0000	739185.460084
63.1509	-2.8384	3.4516	363.0000	739185.460084
63.2673	-2.8384	3.4516	363.0000	739185.460084
63.3832	-2.8384	3.4516	363.0000	739185.460084
63.4995	-2.8384	3.4516	363.0000	739185.460084
63.6156	-2.8384	3.4516	363.0000	739185.460084
63.7321	-2.8384	3.4516	363.0000	739185.460084
63.8482	-2.8384	3.4516	363.0000	739185.460084
63.9646	-2.8384	3.4516	363.0000	739185.460084
64.0806	-2.8384	3.4516	363.0000	739185.460084
64.1968	-2.8384	3.4516	363.0000	739185.460084
64.3133	-2.8384	3.4516	363.0000	739185.460084
64.4289	-2.8384	3.4516	363.0000	739185.460084
64.5452	-2.8384	3.4516	363.0000	739185.460084
64.6615	-2.8384	3.4516	363.0000	739185.460084
64.7784	-2.8384	3.4516	363.0000	739185.460084
64.8940	-2.8384	3.4516	363.0000	739185.460084
65.0101	-2.8384	3.4516	363.0000	739185.460084
65.1263	-2.8384	3.4516	363.0000	739185.460084
65.2427	-2.8384	3.4516	363.0000	739185.460084
65.3591	-2.8384	3.4516	363.0000	739185.460084
65.4751	-2.8384	3.4516	363.0000	739185.460084
65.5915	-2.8384	3.4516	363.0000	739185.460084
65.7076	-2.8384	3.4516	363.0000	739185.460084
65.8238	-2.8384	3.4516	363.0000	739185.460084
65.9401	-2.8384	3.4516	363.0000	739185.460084
66.0566	-2.8384	3.4516	363.0000	739185.460084
66.1724	-2.8384	3.4516	363.0000	739185.460084
66.2887	-2.8384	3.4516	363.0000	739185.460084
66.4050	-2.8384	3.4516	363.0000	739185.460084
66.5212	-2.8384	3.4516	372.0000	739185.460084
66.6376	-2.8384	3.4516	393.0000	739185.460084
66.7377	-2.8384	3.4516	399.0000	739185.460084
66.8534	-3.0133	3.5932	399.0000	739185.460084
66.9697	-3.4213	3.9236	399.0000	739185.460084
67.0858	-3.5961	4.0652	408.0000	739185.460084
67.2022	-3.5961	4.0652	429.0000	739185.460084
67.3183	-3.5961	4.0652	438.0000	739185.460084
67.4345	-3.6741	4.4320	438.0000	739185.460084
67.5508	-3.7053	4.5787	438.0000	739185.460084
67.6670	-3.7053	4.5787	420.0000	739185.460084
67.7833	-3.7053	4.5787	399.0000	739185.460084
67.8995	-3.7053	4.5787	396.0000	739185.460084
68.0156	-3.7053	4.5787	393.0000	739185.460084
68.1320	-3.7053	4.5787	372.0000	739185.460084
68.2482	-3.7053	4.5787	354.0000	739185.460084
68.3644	-3.7053	4.5787	354.0000	739185.460084
68.4807	-4.0782	4.5396	354.0000	739185.460084
68.5969	-4.4512	4.5004	351.0000	739185.460084
68.6970	-4.4512	4.5004	333.0000	739185.460084
68.8128	-4.4512	4.5004	312.0000	739185.460084
68.9129	-4.4512	4.5004	297.0000	739185.460084
69.0290	-4.4512	4.5004	297.0000	739185.460084
69.1454	-4.4512	4.5004	282.0000	739185.460084
69.2619	-4.4512	4.5004	273.0000	739185.460084
69.3780	-4.4669	4.2008	273.0000	739185.460084
69.4943	-4.4944	3.6765	273.0000	739185.460084
69.6105	-4.4826	3.1532	261.0000	739185.460084
69.7267	-4.3170	2.6560	249.0000	739185.460084
69.8432	-4.1288	2.1659	249.0000	739185.460084
69.9592	-4.1288	2.1659	252.0000	739185.460084
70.0753	-4.1327	2.0160	273.0000	739185.460084
70.1914	-4.1873	1.7215	285.0000	739185.460084
70.3072	-4.1873	1.7215	285.0000	739185.460084
70.4235	-4.1873	1.7215	285.0000	739185.460084
70.5398	-4.1873	1.7215	285.0000	739185.460084
70.6568	-4.2455	1.5042	285.0000	739185.460084
70.7723	-4.3814	0.9971	285.0000	739185.460084
70.8885	-4.5173	0.4900	285.0000	739185.460084
71.0048	-4.6367	0.1352	300.0000	739185.460084
71.1210	-4.6367	0.1352	321.0000	739185.460084
71.2374	-4.6367	0.1352	342.0000	739185.460084
71.3535	-4.6367	0.1352	363.0000	739185.460084
71.4697	-4.7080	0.1584	378.0000	739185.460084
71.5860	-5.2073	0.3206	378.0000	739185.460084
71.7022	-5.4926	0.4133	381.0000	739185.460084
71.8186	-5.4926	0.4133	402.0000	739185.460084
71.9347	-5.4926	0.4133	423.0000	739185.460084
72.0509	-5.6085	0.7700	432.0000	739185.460084
72.1671	-5.7476	1.1980	432.0000	739185.460084
72.2834	-5.7476	1.1980	453.0000	739185.460084
72.3996	-5.7008	1.4180	462.0000	739185.460084
72.5159	-5.5916	1.9316	462.0000	739185.460084
72.6324	-5.4825	2.4451	462.0000	739185.460084
72.7483	-5.3733	2.9586	462.0000	739185.460084
72.8645	-5.3031	3.4773	450.0000	739185.460084
72.9808	-5.3305	4.0015	447.0000	739185.460084
73.0972	-5.3580	4.5258	447.0000	739185.460084
73.2135	-5.3855	5.0501	447.0000	739185.460084
73.3295	-5.4051	5.4246	447.0000	739185.460084
73.4458	-5.4051	5.4246	447.0000	739185.460084
73.5620	-5.4051	5.4246	447.0000	739185.460084
73.6784	-5.4169	5.6493	447.0000	739185.460084
73.7946	-5.4169	5.6493	444.0000	739185.460084
73.9106	-5.4169	5.6493	423.0000	739185.460084
74.0109	-5.4169	5.6493	423.0000	739185.460084
74.1266	-5.4169	5.6493	423.0000	739185.460084
74.2428	-5.4169	5.6493	417.0000	739185.460084
74.3592	-5.4169	5.6493	396.0000	739185.460084
74.4753	-5.7203	5.8697	396.0000	739185.460084
0.1107	0.0000	0.0000	45.0000	739192.873021
0.2120	0.0000	0.0000	45.0000	739192.873021
0.3238	0.0000	0.0000	45.0000	739192.873021
0.4367	0.0000	0.0000	45.0000	739192.873021
0.5400	0.0000	0.0000	45.0000	739192.873021
0.6435	0.0000	0.0000	45.0000	739192.873021
0.7469	0.0000	0.0000	45.0000	739192.873021
0.8488	0.0000	0.0000	48.0000	739192.873021
0.9587	0.0000	0.0000	66.0000	739192.873021
1.0663	-0.1428	0.4267	72.0000	739192.873021
1.1672	-0.2818	0.8546	72.0000	739192.873021
1.2710	-0.4209	1.2826	72.0000	739192.873021
1.3767	-0.5710	1.7065	66.0000	739192.873021
1.4800	-0.8248	2.0758	48.0000	739192.873021
1.5846	-1.1132	2.3144	36.0000	739192.873021
1.6916	-1.1132	2.3144	36.0000	739192.873021
1.8118	-1.1761	2.3553	33.0000	739192.873021
1.9238	-1.1761	2.3553	21.0000	739192.873021
2.0363	-1.3862	2.4359	21.0000	739192.873021
2.1461	-1.7363	2.5703	21.0000	739192.873021
2.2637	-2.1474	2.7533	24.0000	739192.873021
2.3719	-2.5585	2.9364	24.0000	739192.873021
2.4729	-2.8958	3.0994	30.0000	739192.873021
2.5815	-3.2366	3.3905	48.0000	739192.873021
2.6992	-3.4708	3.7727	66.0000	739192.873021
2.8014	-3.6578	4.0965	54.0000	739192.873021
2.9212	-3.8082	4.2636	39.0000	739192.873021
3.0446	-3.8082	4.2636	24.0000	739192.873021
3.1648	-3.9540	4.2986	12.0000	739192.873021
3.2677	-4.3275	4.3182	-3.0000	739192.873021
3.3796	-4.7020	4.2985	-3.0000	739192.873021
3.4806	-4.8514	4.2868	-15.0000	739192.873021
3.5863	-4.8514	4.2868	-33.0000	739192.873021
3.6950	-4.8514	4.2868	-51.0000	739192.873021
3.8012	-4.8514	4.2868	-69.0000	739192.873021
3.9117	-4.8514	4.2868	-87.0000	739192.873021
4.0255	-4.8047	4.0669	-105.0000	739192.873021
4.1440	-4.6740	3.7155	-111.0000	739192.873021
4.2442	-4.5396	3.3654	-111.0000	739192.873021
4.3545	-4.4428	3.0042	-99.0000	739192.873021
4.4710	-4.4311	2.5547	-90.0000	739192.873021
4.5828	-4.4311	2.1797	-90.0000	739192.873021
4.6843	-4.4311	1.7297	-90.0000	739192.873021
4.7934	-4.4702	1.2828	-78.0000	739192.873021
4.8998	-4.6417	0.8687	-60.0000	739192.873021
5.0073	-4.9328	0.5279	-42.0000	739192.873021
5.1334	-5.3149	0.2937	-24.0000	739192.873021
5.2408	-5.7507	0.1890	-6.0000	739192.873021
5.3417	-5.7507	0.1890	9.0000	739192.873021
5.4557	-5.7507	0.1890	27.0000	739192.873021
5.5633	-5.7507	0.1890	45.0000	739192.873021
5.6782	-5.7507	0.1890	63.0000	739192.873021
5.7974	-5.7625	0.2631	81.0000	739192.873021
5.8975	-5.7703	0.5625	93.0000	739192.873021
6.0103	-5.6963	0.9294	105.0000	739192.873021
6.1259	-5.5799	1.3641	105.0000	739192.873021
6.2447	-5.4865	1.8034	96.0000	739192.873021
6.3463	-5.4668	2.1779	93.0000	739192.873021
6.4631	-5.4433	2.6273	93.0000	739192.873021
6.5764	-5.4197	3.0767	93.0000	739192.873021
6.6840	-5.4354	3.4507	84.0000	739192.873021
6.8055	-5.4824	3.8982	84.0000	739192.873021
6.9151	-5.5216	4.2711	84.0000	739192.873021
7.0181	-5.5725	4.6424	78.0000	739192.873021
7.1188	-5.7226	5.0662	69.0000	739192.873021
7.2209	-5.8570	5.4163	69.0000	739192.873021
7.3364	-5.8570	5.4163	69.0000	739192.873021
7.4379	-5.8570	5.4163	66.0000	739192.873021
7.5540	-5.8570	5.4163	60.0000	739192.873021
7.6594	-5.8570	5.4163	72.0000	739192.873021
7.7669	-5.9078	5.7875	84.0000	739192.873021
7.8836	-5.9549	6.2350	84.0000	739192.873021
7.9880	-5.9549	6.2350	99.0000	739192.873021
8.0980	-5.9549	6.2350	93.0000	739192.873021
8.2039	-5.9549	6.2350	75.0000	739192.873021
8.3054	-5.9854	6.3035	57.0000	739192.873021
0.1032	0.0000	0.0000	45.0000	739198.949909
0.2596	0.0000	0.0000	45.0000	739198.949909
0.3614	0.0000	0.0000	45.0000	739198.949909
0.4636	0.0000	0.0000	45.0000	739198.949909
0.5690	0.0000	0.0000	45.0000	739198.949909
0.6838	0.0000	0.0000	45.0000	739198.949909
0.7902	0.0000	0.0000	60.0000	739198.949909
0.8909	0.0000	0.0000	75.0000	739198.949909
1.0082	0.0000	0.0000	78.0000	739198.949909
1.1250	0.0000	0.0000	78.0000	739198.949909
1.2348	-0.0624	0.2934	78.0000	739198.949909
1.3501	-0.0780	0.3668	78.0000	739198.949909
1.4674	-0.0780	0.3668	78.0000	739198.949909
1.5710	-0.0780	0.3668	78.0000	739198.949909
1.6742	-0.0780	0.3668	78.0000	739198.949909
1.7775	-0.0624	0.2934	78.0000	739198.949909
1.8964	0.0312	-0.1467	78.0000	739198.949909
2.0162	0.0468	-0.2201	66.0000	739198.949909
2.1277	0.0468	-0.2201	48.0000	739198.949909
2.2441	-0.2543	0.1143	48.0000	739198.949909
2.3530	-0.4868	0.4077	57.0000	739198.949909
2.4654	-0.6583	0.8218	75.0000	739198.949909
2.5807	-0.7360	1.1115	75.0000	739198.949909
2.6913	-0.7360	1.1115	75.0000	739198.949909
2.8011	-0.7360	1.1115	75.0000	739198.949909
2.9176	-0.7360	1.1115	87.0000	739198.949909
3.0336	-0.7360	1.1115	105.0000	739198.949909
3.1402	-0.7360	1.1115	120.0000	739198.949909
3.2450	-0.7360	1.1115	120.0000	739198.949909
3.3464	-0.7360	1.1115	120.0000	739198.949909
3.4554	-0.7360	1.1115	108.0000	739198.949909
3.5704	-0.7360	1.1115	90.0000	739198.949909
3.6881	-0.7360	1.1115	81.0000	739198.949909
3.8046	-0.7360	1.1115	81.0000	739198.949909
3.9186	-0.7360	1.1115	81.0000	739198.949909
4.0342	-0.6891	0.8152	81.0000	739198.949909
4.1487	-0.6187	0.3708	81.0000	739198.949909
4.2599	-0.5835	0.1485	81.0000	739198.949909
4.3623	-0.5835	0.1485	81.0000	739198.949909
4.4633	-0.5835	0.1485	84.0000	739198.949909
4.5645	-0.5835	0.1485	99.0000	739198.949909
4.6774	-0.5835	0.1485	99.0000	739198.949909
4.8015	-0.5835	0.1485	99.0000	739198.949909
4.9029	-0.5248	0.5189	99.0000	739198.949909
5.0050	-0.5131	0.5930	99.0000	739198.949909
5.1135	-0.5131	0.5930	99.0000	739198.949909
5.2174	-0.5131	0.5930	93.0000	739198.949909
5.3195	-0.5131	0.5930	78.0000	739198.949909
5.4385	-0.5131	0.5930	69.0000	739198.949909
5.5523	-0.5131	0.5930	69.0000	739198.949909
5.6605	-0.5131	0.5930	69.0000	739198.949909
5.7713	-0.5400	0.6630	69.0000	739198.949909
5.8868	-0.7012	1.0831	69.0000	739198.949909
6.0055	-0.8087	1.3632	69.0000	739198.949909
6.1201	-0.8087	1.3632	69.0000	739198.949909
6.2360	-0.8087	1.3632	81.0000	739198.949909
6.3556	-0.8087	1.3632	99.0000	739198.949909
6.4722	-0.8087	1.3632	108.0000	739198.949909
6.5733	-0.8087	1.3632	108.0000	739198.949909
6.6926	-0.8087	1.3632	108.0000	739198.949909
6.7970	-0.8087	1.3632	108.0000	739198.949909
6.9011	-0.8087	1.3632	96.0000	739198.949909
7.0228	-0.8087	1.3632	81.0000	739198.949909
7.1263	-0.8087	1.3632	66.0000	739198.949909
7.2314	-0.8087	1.3632	51.0000	739198.949909
7.3381	-0.8087	1.3632	36.0000	739198.949909
7.4482	-0.8787	1.3901	21.0000	739198.949909
7.5523	-1.2399	1.4909	15.0000	739198.949909
7.6580	-1.4561	1.5529	24.0000	739198.949909
7.7700	-1.4561	1.5529	42.0000	739198.949909
7.8877	-1.4561	1.5529	60.0000	739198.949909
7.9921	-1.4561	1.5529	75.0000	739198.949909
8.1085	-1.4561	1.5529	93.0000	739198.949909
8.2096	-1.4561	1.5529	108.0000	739198.949909
8.3158	-1.4561	1.5529	123.0000	739198.949909
8.4159	-1.4561	1.5529	138.0000	739198.949909
8.5239	-1.4561	1.5529	153.0000	739198.949909
8.6370	-1.6723	1.4909	165.0000	739198.949909
8.7439	-2.1070	1.3744	165.0000	739198.949909
8.8540	-2.5416	1.2580	165.0000	739198.949909
8.9656	-2.9763	1.1415	165.0000	739198.949909
9.0809	-3.4110	1.0250	165.0000	739198.949909
9.2122	-3.8456	0.9086	165.0000	739198.949909
9.3237	-3.8456	0.9086	165.0000	739198.949909
9.4310	-3.8456	0.9086	165.0000	739198.949909
9.5420	-3.8456	0.9086	168.0000	739198.949909
9.6428	-3.8456	0.9086	183.0000	739198.949909
9.7560	-3.8456	0.9086	198.0000	739198.949909
9.8696	-3.8456	0.9086	198.0000	739198.949909
9.9781	-3.8456	0.9086	189.0000	739198.949909
10.0904	-3.8456	0.9086	183.0000	739198.949909
10.2059	-3.8456	0.9086	183.0000	739198.949909
10.3152	-3.8456	0.9086	183.0000	739198.949909
10.4252	-3.8456	0.9086	192.0000	739198.949909
10.5357	-3.8456	0.9086	210.0000	739198.949909
10.6488	-3.8456	0.9086	225.0000	739198.949909
10.7673	-3.8456	0.9086	243.0000	739198.949909
10.8916	-3.8456	0.9086	261.0000	739198.949909
11.0071	-3.8456	0.9086	276.0000	739198.949909
11.1189	-3.8456	0.9086	291.0000	739198.949909
11.2200	-3.8456	0.9086	294.0000	739198.949909
11.3223	-3.8456	0.9086	291.0000	739198.949909
11.4240	-3.8456	0.9086	276.0000	739198.949909
11.5246	-3.8456	0.9086	261.0000	739198.949909
11.6304	-3.7680	0.6188	255.0000	739198.949909
11.7451	-3.6515	0.1841	255.0000	739198.949909
11.8601	-3.6515	0.1841	240.0000	739198.949909
11.9722	-3.6515	0.1841	222.0000	739198.949909
12.0781	-3.6515	0.1841	207.0000	739198.949909
12.1972	-3.6515	0.1841	189.0000	739198.949909
12.3031	-3.6515	0.1841	174.0000	739198.949909
12.4137	-3.6515	0.1841	159.0000	739198.949909
12.5213	-3.6515	0.1841	156.0000	739198.949909
12.6399	-3.6515	0.1841	156.0000	739198.949909
12.7571	-3.6515	0.1841	156.0000	739198.949909
12.8630	-3.6515	0.1841	156.0000	739198.949909
12.9779	-3.6515	0.1841	156.0000	739198.949909
13.0920	-3.6515	0.1841	156.0000	739198.949909
13.2085	-3.3774	0.3061	156.0000	739198.949909
13.3224	-2.9664	0.4892	156.0000	739198.949909
13.4364	-2.5553	0.6722	156.0000	739198.949909
13.5451	-2.1442	0.8552	156.0000	739198.949909
13.6672	-2.0756	0.8857	156.0000	739198.949909
13.7856	-2.0756	0.8857	156.0000	739198.949909
13.8857	-1.8701	0.9772	156.0000	739198.949909
13.9988	-1.4590	1.1603	156.0000	739198.949909
14.1169	-1.1164	1.3128	156.0000	739198.949909
14.2315	-1.1164	1.3128	156.0000	739198.949909
14.3460	-1.1164	1.3128	156.0000	739198.949909
14.4572	-1.1164	1.3128	156.0000	739198.949909
14.5707	-1.2535	1.2518	156.0000	739198.949909
14.6833	-1.6645	1.0688	156.0000	739198.949909
14.8095	-2.0756	0.8857	156.0000	739198.949909
14.9128	-2.4182	0.7332	156.0000	739198.949909
15.0289	-2.8293	0.5502	156.0000	739198.949909
15.1302	-3.1719	0.3976	156.0000	739198.949909
15.2374	-3.5145	0.2451	156.0000	739198.949909
15.3561	-3.7200	0.1536	156.0000	739198.949909
15.4587	-3.7200	0.1536	156.0000	739198.949909
15.5617	-3.7200	0.1536	156.0000	739198.949909
15.6638	-3.7200	0.1536	150.0000	739198.949909
15.7641	-3.7200	0.1536	135.0000	739198.949909
15.8898	-3.7200	0.1536	123.0000	739198.949909
15.9915	-3.7200	0.1536	138.0000	739198.949909
16.1114	-3.7200	0.1536	150.0000	739198.949909
16.2140	-3.3953	0.3411	150.0000	739198.949909
16.3266	-3.0056	0.5661	150.0000	739198.949909
16.4395	-2.6158	0.7911	150.0000	739198.949909
16.5545	-2.2261	1.0161	150.0000	739198.949909
16.6704	-1.8364	1.2411	150.0000	739198.949909
16.7855	-1.5117	1.4286	150.0000	739198.949909
16.9003	-1.1869	1.6161	150.0000	739198.949909
17.0056	-0.8685	1.8135	144.0000	739198.949909
17.1195	-0.7544	1.9109	126.0000	739198.949909
17.2285	-0.7544	1.9109	108.0000	739198.949909
17.3288	-0.7544	1.9109	93.0000	739198.949909
17.4334	-0.7544	1.9109	75.0000	739198.949909
17.5479	-0.9140	2.2499	63.0000	739198.949909
17.6503	-1.1183	2.6509	63.0000	739198.949909
17.7573	-1.3226	3.0518	63.0000	739198.949909
17.8593	-1.5269	3.4528	63.0000	739198.949909
17.9681	-1.7074	3.7811	54.0000	739198.949909
18.0791	-1.7074	3.7811	36.0000	739198.949909
18.1888	-1.7074	3.7811	48.0000	739198.949909
18.2992	-1.7074	3.7811	66.0000	739198.949909
18.3997	-1.7074	3.7811	81.0000	739198.949909
18.5045	-1.7074	3.7811	99.0000	739198.949909
18.6199	-1.6195	3.9882	114.0000	739198.949909
18.7288	-1.4364	4.3993	114.0000	739198.949909
18.8457	-1.3670	4.6131	96.0000	739198.949909
18.9575	-1.3670	4.6131	78.0000	739198.949909
19.0754	-1.3670	4.6131	63.0000	739198.949909
19.1934	-1.3670	4.6131	45.0000	739198.949909
19.3007	-1.5535	4.7388	33.0000	739198.949909
19.4105	-1.8680	4.9431	33.0000	739198.949909
19.5233	-1.8680	4.9431	33.0000	739198.949909
19.6378	-1.8680	4.9431	33.0000	739198.949909
19.7552	-1.8680	4.9431	48.0000	739198.949909
19.8690	-1.8680	4.9431	57.0000	739198.949909
19.9887	-1.8680	4.9431	57.0000	739198.949909
20.1072	-1.8680	4.9431	48.0000	739198.949909
20.2073	-1.8680	4.9431	36.0000	739198.949909
20.3083	-1.8680	4.9431	36.0000	739198.949909
20.4118	-1.8680	4.9431	39.0000	739198.949909
20.5135	-1.8680	4.9431	51.0000	739198.949909
20.6292	-1.7964	4.8113	63.0000	739198.949909
20.7558	-1.7964	4.8113	78.0000	739198.949909
20.8705	-1.8003	4.8862	87.0000	739198.949909
20.9728	-1.8160	5.1858	87.0000	739198.949909
21.0770	-1.8317	5.4854	87.0000	739198.949909
21.1918	-1.8357	5.5603	78.0000	739198.949909
21.3179	-1.8357	5.5603	66.0000	739198.949909
21.4248	-1.8357	5.5603	54.0000	739198.949909
21.5464	-1.8357	5.5603	42.0000	739198.949909
21.6483	-1.8357	5.5603	30.0000	739198.949909
21.7582	-1.8357	5.5603	18.0000	739198.949909
21.8670	-1.8357	5.5603	3.0000	739198.949909
21.9781	-1.8357	5.5603	18.0000	739198.949909
22.0891	-1.8357	5.5603	33.0000	739198.949909
22.1921	-1.8357	5.5603	48.0000	739198.949909
22.3052	-1.8357	5.5603	66.0000	739198.949909
22.4327	-1.8357	5.5603	84.0000	739198.949909
22.5493	-1.8357	5.5603	96.0000	739198.949909
22.6615	-1.8357	5.5603	111.0000	739198.949909
22.7724	-1.8357	5.5603	126.0000	739198.949909
22.8885	-1.8357	5.5603	144.0000	739198.949909
22.9999	-1.8357	5.5603	159.0000	739198.949909
23.1113	-1.8357	5.5603	174.0000	739198.949909
23.2240	-1.8357	5.5603	189.0000	739198.949909
23.3338	-1.8357	5.5603	195.0000	739198.949909
23.4515	-1.8357	5.5603	195.0000	739198.949909
23.5681	-1.9081	5.5797	195.0000	739198.949909
23.6850	-2.3428	5.6962	195.0000	739198.949909
23.7999	-2.7039	5.7970	198.0000	739198.949909
23.9006	-2.8424	5.8544	213.0000	739198.949909
24.0029	-2.8424	5.8544	228.0000	739198.949909
24.1148	-2.8424	5.8544	243.0000	739198.949909
24.2247	-2.8424	5.8544	261.0000	739198.949909
24.3444	-2.8424	5.8544	279.0000	739198.949909
24.4476	-2.8424	5.8544	294.0000	739198.949909
24.5637	-2.8424	5.8544	309.0000	739198.949909
24.6725	-2.8424	5.8544	324.0000	739198.949909
24.7908	-2.8424	5.8544	339.0000	739198.949909
24.8979	-3.1369	5.7998	354.0000	739198.949909
25.0017	-3.3606	5.7763	354.0000	739198.949909
25.1018	-3.3606	5.7763	354.0000	739198.949909
25.2021	-3.0623	5.8076	354.0000	739198.949909
25.3148	-2.6148	5.8547	354.0000	739198.949909
25.4151	-2.4656	5.8703	354.0000	739198.949909
25.5152	-2.4656	5.8703	354.0000	739198.949909
25.6266	-2.4656	5.8703	354.0000	739198.949909
25.7327	-2.4656	5.8703	345.0000	739198.949909
25.8329	-2.4656	5.8703	330.0000	739198.949909
25.9349	-2.4656	5.8703	315.0000	739198.949909
26.0397	-2.4656	5.8703	300.0000	739198.949909
26.1439	-2.4656	5.8703	285.0000	739198.949909
26.2505	-2.4656	5.8703	267.0000	739198.949909
26.3626	-2.4656	5.8703	249.0000	739198.949909
26.4735	-2.4656	5.8703	231.0000	739198.949909
26.5870	-2.3466	5.7791	216.0000	739198.949909
26.6973	-2.0239	5.5882	210.0000	739198.949909
26.8148	-1.6362	5.3599	213.0000	739198.949909
26.9278	-1.3111	5.0513	231.0000	739198.949909
27.0394	-1.1547	4.7960	249.0000	739198.949909
27.1527	-1.1547	4.7960	264.0000	739198.949909
27.2537	-1.1547	4.7960	279.0000	739198.949909
27.3559	-1.1547	4.7960	294.0000	739198.949909
27.4628	-1.3047	4.5362	300.0000	739198.949909
27.5707	-1.5297	4.1465	300.0000	739198.949909
27.6854	-1.7547	3.7567	300.0000	739198.949909
27.7999	-1.8297	3.6268	291.0000	739198.949909
27.9052	-1.8297	3.6268	273.0000	739198.949909
28.0182	-1.8297	3.6268	255.0000	739198.949909
28.1305	-1.8297	3.6268	237.0000	739198.949909
28.2356	-1.8297	3.6268	228.0000	739198.949909
28.3504	-1.8297	3.6268	228.0000	739198.949909
28.4531	-1.8297	3.6268	228.0000	739198.949909
28.5559	-1.8297	3.6268	234.0000	739198.949909
28.6754	-1.8297	3.6268	252.0000	739198.949909
28.7781	-1.8297	3.6268	267.0000	739198.949909
28.8981	-1.8726	3.4060	282.0000	739198.949909
29.0083	-1.8726	3.4060	282.0000	739198.949909
29.1169	-1.8726	3.4060	282.0000	739198.949909
29.2224	-1.8726	3.4060	282.0000	739198.949909
29.3246	-1.8726	3.4060	267.0000	739198.949909
29.4456	-1.8225	3.2647	249.0000	739198.949909
29.5634	-1.7408	2.8240	267.0000	739198.949909
29.6778	-1.7993	2.3796	285.0000	739198.949909
29.7960	-1.8494	2.2383	303.0000	739198.949909
29.9101	-1.8494	2.2383	321.0000	739198.949909
30.0272	-1.8494	2.2383	339.0000	739198.949909
30.1320	-1.8494	2.2383	354.0000	739198.949909
30.2377	-2.2240	2.2461	363.0000	739198.949909
30.3385	-2.5985	2.2658	363.0000	739198.949909
30.4531	-2.6731	2.2736	381.0000	739198.949909
30.5605	-2.6731	2.2736	399.0000	739198.949909
30.6740	-2.6731	2.2736	417.0000	739198.949909
30.7896	-2.7341	2.4106	426.0000	739198.949909
30.9012	-2.9171	2.8217	426.0000	739198.949909
31.0153	-3.1001	3.2328	426.0000	739198.949909
31.1267	-3.2832	3.6439	426.0000	739198.949909
31.2387	-3.4662	4.0550	426.0000	739198.949909
31.3575	-3.6532	4.3789	414.0000	739198.949909
31.4579	-3.9176	4.6433	399.0000	739198.949909
31.5605	-3.9176	4.6433	384.0000	739198.949909
31.6743	-3.9176	4.6433	366.0000	739198.949909
31.7797	-4.0663	4.6238	351.0000	739198.949909
31.8823	-4.2121	4.5887	336.0000	739198.949909
32.0018	-4.2121	4.5887	318.0000	739198.949909
32.1132	-4.2121	4.5887	300.0000	739198.949909
32.2277	-4.2471	4.4429	282.0000	739198.949909
32.3396	-4.3175	3.9985	279.0000	739198.949909
32.4472	-4.3879	3.5540	279.0000	739198.949909
32.5608	-4.4583	3.1096	279.0000	739198.949909
32.6704	-4.5287	2.6651	279.0000	739198.949909
32.7819	-4.5873	2.2947	279.0000	739198.949909
32.8998	-4.6460	1.9243	279.0000	739198.949909
33.0091	-4.7047	1.5540	279.0000	739198.949909
33.1205	-4.7633	1.1836	279.0000	739198.949909
33.2220	-4.8450	0.8183	288.0000	739198.949909
33.3326	-5.0588	0.4244	306.0000	739198.949909
33.4355	-5.3233	0.1600	321.0000	739198.949909
33.5529	-5.3233	0.1600	339.0000	739198.949909
33.6640	-5.3233	0.1600	357.0000	739198.949909
33.7742	-5.3233	0.1600	375.0000	739198.949909
33.8840	-5.3233	0.1600	393.0000	739198.949909
33.9856	-5.3233	0.1600	408.0000	739198.949909
34.0896	-5.3233	0.1600	423.0000	739198.949909
34.2082	-5.3233	0.1600	438.0000	739198.949909
34.3202	-5.3233	0.1600	453.0000	739198.949909
34.4269	-5.2763	0.4563	459.0000	739198.949909
34.5339	-5.2177	0.8266	459.0000	739198.949909
34.6512	-5.1590	1.2724	453.0000	739198.949909
34.7674	-5.2175	1.7168	435.0000	739198.949909
34.8764	-5.3340	2.1515	435.0000	739198.949909
34.9929	-5.4466	2.5871	438.0000	739198.949909
35.0931	-5.4701	2.9606	450.0000	739198.949909
35.2076	-5.4701	3.4106	450.0000	739198.949909
35.3250	-5.4740	3.8605	447.0000	739198.949909
35.4484	-5.5674	4.2999	435.0000	739198.949909
35.5660	-5.6839	4.7345	435.0000	739198.949909
35.6816	-5.7773	5.1739	444.0000	739198.949909
35.7957	-5.7655	5.6234	453.0000	739198.949909
35.8973	-5.7694	5.9977	444.0000	739198.949909
36.0069	-5.7812	6.0717	426.0000	739198.949909
36.1202	-5.8187	6.1367	408.0000	739198.949909
