T	X	Y	HEADING	NOW_NUM
0.1161	0.0000	0.0000	45.0000	739185.466506
0.2324	0.0000	0.0000	45.0000	739185.466506
0.3485	0.0000	0.0000	45.0000	739185.466506
0.4487	0.0000	0.0000	45.0000	739185.466506
0.5643	0.0000	0.0000	45.0000	739185.466506
0.6806	0.0000	0.0000	45.0000	739185.466506
0.7969	0.0000	0.0000	45.0000	739185.466506
0.9130	0.0000	0.0000	45.0000	739185.466506
1.0293	0.0000	0.0000	45.0000	739185.466506
1.1460	0.0000	0.0000	45.0000	739185.466506
1.2618	0.0000	0.0000	45.0000	739185.466506
1.3780	0.0000	0.0000	45.0000	739185.466506
1.4942	-0.3182	0.3182	45.0000	739185.466506
1.6104	-0.4243	0.4243	45.0000	739185.466506
1.7272	-0.4243	0.4243	45.0000	739185.466506
1.8430	-0.4243	0.4243	45.0000	739185.466506
1.9592	-0.4243	0.4243	45.0000	739185.466506
2.0755	-0.4243	0.4243	45.0000	739185.466506
2.1917	-0.4243	0.4243	66.0000	739185.466506
2.3081	-0.4243	0.4243	87.0000	739185.466506
2.4241	-0.4243	0.4243	96.0000	739185.466506
2.5403	-0.3694	0.9464	96.0000	739185.466506
2.6566	-0.3145	1.4685	96.0000	739185.466506
2.7729	-0.2596	1.9906	96.0000	739185.466506
2.8891	-0.2048	2.5128	96.0000	739185.466506
3.0053	-0.2086	3.0354	81.0000	739185.466506
3.1216	-0.3958	3.5228	60.0000	739185.466506
3.2378	-0.4807	3.6464	48.0000	739185.466506
3.3541	-0.4807	3.6464	48.0000	739185.466506
3.4703	-0.4807	3.6464	48.0000	739185.466506
3.5865	-0.4807	3.6464	27.0000	739185.466506
3.7030	-0.4807	3.6464	6.0000	739185.466506
3.8190	-0.4807	3.6464	0.0000	739185.466506
3.9353	-0.4807	3.6464	0.0000	739185.466506
4.0514	-0.4807	3.6464	0.0000	739185.466506
4.1677	-0.5557	3.6464	0.0000	739185.466506
4.2841	-1.0807	3.6464	0.0000	739185.466506
4.4002	-1.6057	3.6464	0.0000	739185.466506
4.5165	-2.1307	3.6464	0.0000	739185.466506
4.6328	-2.5057	3.6464	0.0000	739185.466506
4.7490	-2.5057	3.6464	0.0000	739185.466506
4.8652	-2.5057	3.6464	0.0000	739185.466506
4.9814	-2.5057	3.6464	-15.0000	739185.466506
5.0976	-2.5057	3.6464	-36.0000	739185.466506
5.2139	-2.5057	3.6464	-57.0000	739185.466506
5.3301	-2.5057	3.6464	-57.0000	739185.466506
5.4465	-2.5057	3.6464	-57.0000	739185.466506
5.5626	-2.5057	3.6464	-57.0000	739185.466506
5.6788	-2.5057	3.6464	-57.0000	739185.466506
5.7951	-2.5057	3.6464	-57.0000	739185.466506
5.9112	-2.5057	3.6464	-39.0000	739185.466506
6.0117	-2.5057	3.6464	-21.0000	739185.466506
6.1274	-2.5057	3.6464	-18.0000	739185.466506
6.2436	-2.7910	3.5537	-18.0000	739185.466506
6.3600	-3.2903	3.3915	-18.0000	739185.466506
6.4762	-3.5756	3.2988	-18.0000	739185.466506
6.5924	-3.5756	3.2988	-39.0000	739185.466506
6.7086	-3.5756	3.2988	-45.0000	739185.466506
6.8248	-3.5756	3.2988	-45.0000	739185.466506
6.9411	-3.5756	3.2988	-54.0000	739185.466506
7.0577	-3.5756	3.2988	-69.0000	739185.466506
7.1736	-3.5756	3.2988	-69.0000	739185.466506
7.2899	-3.5756	3.2988	-69.0000	739185.466506
7.4063	-3.5756	3.2988	-87.0000	739185.466506
7.5223	-3.5756	3.2988	-87.0000	739185.466506
7.6388	-3.5756	3.2988	-87.0000	739185.466506
7.7548	-3.5756	3.2988	-93.0000	739185.466506
7.8711	-3.5756	3.2988	-93.0000	739185.466506
7.9873	-3.5756	3.2988	-93.0000	739185.466506
8.1034	-3.5756	3.2988	-93.0000	739185.466506
8.2199	-3.5756	3.2988	-93.0000	739185.466506
8.3360	-3.5756	3.2988	-93.0000	739185.466506
8.4522	-3.5756	3.2988	-93.0000	739185.466506
8.5684	-3.5756	3.2988	-93.0000	739185.466506
8.6846	-3.5756	3.2988	-93.0000	739185.466506
8.8010	-3.5756	3.2988	-93.0000	739185.466506
8.9175	-3.5756	3.2988	-93.0000	739185.466506
9.0334	-3.5756	3.2988	-93.0000	739185.466506
9.1497	-3.5756	3.2988	-93.0000	739185.466506
9.2660	-3.5756	3.2988	-93.0000	739185.466506
9.3822	-3.5756	3.2988	-93.0000	739185.466506
9.4984	-3.5756	3.2988	-93.0000	739185.466506
9.6146	-3.5756	3.2988	-93.0000	739185.466506
9.7308	-3.5756	3.2988	-93.0000	739185.466506
9.8470	-3.5756	3.2988	-93.0000	739185.466506
9.9635	-3.5756	3.2988	-93.0000	739185.466506
10.0795	-3.5756	3.2988	-93.0000	739185.466506
10.1960	-3.5756	3.2988	-93.0000	739185.466506
10.3120	-3.5756	3.2988	-93.0000	739185.466506
10.4283	-3.5756	3.2988	-93.0000	739185.466506
10.5445	-3.5756	3.2988	-93.0000	739185.466506
10.6607	-3.5756	3.2988	-93.0000	739185.466506
10.7771	-3.5756	3.2988	-93.0000	739185.466506
10.8933	-3.5756	3.2988	-93.0000	739185.466506
11.0094	-3.5756	3.2988	-93.0000	739185.466506
11.1258	-3.5756	3.2988	-93.0000	739185.466506
11.2420	-3.5756	3.2988	-93.0000	739185.466506
11.3582	-3.5756	3.2988	-93.0000	739185.466506
11.4744	-3.5756	3.2988	-93.0000	739185.466506
11.5907	-3.5756	3.2988	-93.0000	739185.466506
11.7068	-3.5756	3.2988	-93.0000	739185.466506
11.8231	-3.5756	3.2988	-93.0000	739185.466506
11.9393	-3.5756	3.2988	-93.0000	739185.466506
12.0557	-3.5756	3.2988	-93.0000	739185.466506
12.1719	-3.5756	3.2988	-93.0000	739185.466506
12.2881	-3.5756	3.2988	-93.0000	739185.466506
12.4043	-3.5756	3.2988	-93.0000	739185.466506
12.5205	-3.5756	3.2988	-93.0000	739185.466506
12.6368	-3.5756	3.2988	-93.0000	739185.466506
12.7532	-3.5756	3.2988	-93.0000	739185.466506
12.8693	-3.5756	3.2988	-93.0000	739185.466506
12.9856	-3.5756	3.2988	-93.0000	739185.466506
13.1018	-3.5756	3.2988	-93.0000	739185.466506
13.2181	-3.5756	3.2988	-93.0000	739185.466506
13.3344	-3.5756	3.2988	-93.0000	739185.466506
13.4505	-3.5756	3.2988	-93.0000	739185.466506
13.5667	-3.5756	3.2988	-93.0000	739185.466506
13.6830	-3.5756	3.2988	-93.0000	739185.466506
13.7994	-3.5756	3.2988	-93.0000	739185.466506
13.9155	-3.5756	3.2988	-93.0000	739185.466506
14.0320	-3.5756	3.2988	-93.0000	739185.466506
14.1480	-3.5756	3.2988	-93.0000	739185.466506
14.2642	-3.5756	3.2988	-93.0000	739185.466506
14.3804	-3.5756	3.2988	-93.0000	739185.466506
14.4967	-3.5756	3.2988	-93.0000	739185.466506
14.6129	-3.5756	3.2988	-93.0000	739185.466506
14.7292	-3.5756	3.2988	-93.0000	739185.466506
14.8453	-3.5756	3.2988	-93.0000	739185.466506
14.9617	-3.5756	3.2988	-93.0000	739185.466506
15.0779	-3.5756	3.2988	-93.0000	739185.466506
15.1942	-3.5756	3.2988	-93.0000	739185.466506
15.3107	-3.5756	3.2988	-93.0000	739185.466506
15.4265	-3.5756	3.2988	-93.0000	739185.466506
15.5428	-3.5756	3.2988	-93.0000	739185.466506
15.6592	-3.5756	3.2988	-93.0000	739185.466506
15.7753	-3.5756	3.2988	-93.0000	739185.466506
15.8916	-3.5756	3.2988	-93.0000	739185.466506
16.0078	-3.5756	3.2988	-93.0000	739185.466506
16.1242	-3.5756	3.2988	-93.0000	739185.466506
16.2402	-3.5756	3.2988	-93.0000	739185.466506
16.3565	-3.5756	3.2988	-93.0000	739185.466506
16.4727	-3.5756	3.2988	-93.0000	739185.466506
16.5890	-3.5756	3.2988	-93.0000	739185.466506
16.7051	-3.5756	3.2988	-93.0000	739185.466506
16.8214	-3.5756	3.2988	-93.0000	739185.466506
16.9377	-3.5756	3.2988	-93.0000	739185.466506
17.0539	-3.5756	3.2988	-93.0000	739185.466506
17.1703	-3.5756	3.2988	-93.0000	739185.466506
17.2865	-3.5756	3.2988	-93.0000	739185.466506
17.4026	-3.5756	3.2988	-93.0000	739185.466506
17.5188	-3.5756	3.2988	-93.0000	739185.466506
17.6349	-3.5756	3.2988	-93.0000	739185.466506
17.7511	-3.5756	3.2988	-93.0000	739185.466506
17.8674	-3.5756	3.2988	-93.0000	739185.466506
17.9834	-3.5756	3.2988	-93.0000	739185.466506
18.0998	-3.5756	3.2988	-93.0000	739185.466506
18.2159	-3.5756	3.2988	-93.0000	739185.466506
18.3324	-3.5756	3.2988	-93.0000	739185.466506
18.4488	-3.5756	3.2988	-93.0000	739185.466506
18.5647	-3.5756	3.2988	-93.0000	739185.466506
18.6809	-3.5756	3.2988	-93.0000	739185.466506
18.7971	-3.5756	3.2988	-93.0000	739185.466506
18.9134	-3.5756	3.2988	-93.0000	739185.466506
19.0300	-3.5756	3.2988	-93.0000	739185.466506
19.1459	-3.5756	3.2988	-93.0000	739185.466506
19.2622	-3.5756	3.2988	-93.0000	739185.466506
19.3784	-3.5756	3.2988	-93.0000	739185.466506
19.4946	-3.5756	3.2988	-93.0000	739185.466506
19.6109	-3.5756	3.2988	-93.0000	739185.466506
19.7270	-3.5756	3.2988	-93.0000	739185.466506
19.8433	-3.5756	3.2988	-93.0000	739185.466506
19.9597	-3.5756	3.2988	-93.0000	739185.466506
20.0759	-3.5756	3.2988	-93.0000	739185.466506
20.1920	-3.5756	3.2988	-93.0000	739185.466506
20.3082	-3.5756	3.2988	-93.0000	739185.466506
20.4246	-3.5756	3.2988	-93.0000	739185.466506
20.5407	-3.5756	3.2988	-93.0000	739185.466506
20.6570	-3.5756	3.2988	-93.0000	739185.466506
20.7732	-3.5756	3.2988	-93.0000	739185.466506
20.8895	-3.5756	3.2988	-93.0000	739185.466506
21.0060	-3.5756	3.2988	-93.0000	739185.466506
21.1220	-3.5756	3.2988	-93.0000	739185.466506
21.2382	-3.5756	3.2988	-93.0000	739185.466506
21.3545	-3.5756	3.2988	-93.0000	739185.466506
21.4707	-3.5756	3.2988	-93.0000	739185.466506
21.5871	-3.5756	3.2988	-93.0000	739185.466506
21.7031	-3.5756	3.2988	-93.0000	739185.466506
21.8194	-3.5756	3.2988	-93.0000	739185.466506
21.9356	-3.5756	3.2988	-93.0000	739185.466506
22.0519	-3.5756	3.2988	-93.0000	739185.466506
22.1681	-3.5756	3.2988	-93.0000	739185.466506
22.2844	-3.5756	3.2988	-93.0000	739185.466506
22.4007	-3.5756	3.2988	-93.0000	739185.466506
22.5168	-3.5756	3.2988	-93.0000	739185.466506
22.6331	-3.5756	3.2988	-93.0000	739185.466506
22.7494	-3.5756	3.2988	-93.0000	739185.466506
22.8657	-3.5756	3.2988	-93.0000	739185.466506
22.9818	-3.5756	3.2988	-93.0000	739185.466506
23.0980	-3.5756	3.2988	-93.0000	739185.466506
23.2143	-3.5756	3.2988	-93.0000	739185.466506
23.3306	-3.5756	3.2988	-93.0000	739185.466506
23.4467	-3.5756	3.2988	-93.0000	739185.466506
23.5632	-3.5756	3.2988	-93.0000	739185.466506
23.6793	-3.5756	3.2988	-93.0000	739185.466506
23.7955	-3.5756	3.2988	-93.0000	739185.466506
23.9119	-3.5756	3.2988	-93.0000	739185.466506
24.0280	-3.5756	3.2988	-93.0000	739185.466506
24.1446	-3.5756	3.2988	-93.0000	739185.466506
24.2605	-3.5756	3.2988	-93.0000	739185.466506
24.3766	-3.5756	3.2988	-93.0000	739185.466506
24.4929	-3.5756	3.2988	-93.0000	739185.466506
24.6092	-3.5756	3.2988	-93.0000	739185.466506
24.7253	-3.5756	3.2988	-93.0000	739185.466506
24.8417	-3.5756	3.2988	-93.0000	739185.466506
24.9579	-3.5756	3.2988	-93.0000	739185.466506
25.0742	-3.5756	3.2988	-93.0000	739185.466506
25.1904	-3.5756	3.2988	-93.0000	739185.466506
25.3065	-3.5756	3.2988	-93.0000	739185.466506
25.4228	-3.5756	3.2988	-93.0000	739185.466506
25.5393	-3.5756	3.2988	-93.0000	739185.466506
25.6553	-3.5756	3.2988	-93.0000	739185.466506
25.7716	-3.5756	3.2988	-93.0000	739185.466506
25.8877	-3.5756	3.2988	-93.0000	739185.466506
26.0040	-3.5756	3.2988	-93.0000	739185.466506
26.1206	-3.5756	3.2988	-93.0000	739185.466506
26.2365	-3.5756	3.2988	-93.0000	739185.466506
26.3528	-3.5756	3.2988	-93.0000	739185.466506
26.4690	-3.5756	3.2988	-93.0000	739185.466506
26.5852	-3.5756	3.2988	-93.0000	739185.466506
26.7017	-3.5756	3.2988	-93.0000	739185.466506
26.8177	-3.5756	3.2988	-93.0000	739185.466506
26.9339	-3.5756	3.2988	-93.0000	739185.466506
27.0501	-3.5756	3.2988	-93.0000	739185.466506
27.1664	-3.5756	3.2988	-93.0000	739185.466506
27.2827	-3.5756	3.2988	-93.0000	739185.466506
27.3990	-3.5756	3.2988	-93.0000	739185.466506
27.5151	-3.5756	3.2988	-93.0000	739185.466506
27.6314	-3.5756	3.2988	-93.0000	739185.466506
27.7476	-3.5756	3.2988	-93.0000	739185.466506
27.8638	-3.5756	3.2988	-93.0000	739185.466506
27.9801	-3.5756	3.2988	-93.0000	739185.466506
28.0963	-3.5756	3.2988	-93.0000	739185.466506
28.2126	-3.5756	3.2988	-93.0000	739185.466506
28.3288	-3.5756	3.2988	-93.0000	739185.466506
28.4451	-3.5756	3.2988	-93.0000	739185.466506
28.5613	-3.5756	3.2988	-93.0000	739185.466506
28.6777	-3.5756	3.2988	-93.0000	739185.466506
28.7937	-3.5756	3.2988	-93.0000	739185.466506
28.9100	-3.5756	3.2988	-93.0000	739185.466506
29.0262	-3.5756	3.2988	-93.0000	739185.466506
29.1425	-3.5756	3.2988	-93.0000	739185.466506
29.2590	-3.5756	3.2988	-93.0000	739185.466506
29.3749	-3.5756	3.2988	-93.0000	739185.466506
29.4912	-3.5756	3.2988	-93.0000	739185.466506
29.6075	-3.5756	3.2988	-93.0000	739185.466506
29.7237	-3.5756	3.2988	-93.0000	739185.466506
29.8399	-3.5756	3.2988	-93.0000	739185.466506
29.9561	-3.5756	3.2988	-93.0000	739185.466506
30.0724	-3.5756	3.2988	-93.0000	739185.466506
30.1887	-3.5756	3.2988	-93.0000	739185.466506
30.3048	-3.5756	3.2988	-93.0000	739185.466506
30.4210	-3.5756	3.2988	-93.0000	739185.466506
30.5373	-3.5756	3.2988	-93.0000	739185.466506
30.6536	-3.5756	3.2988	-93.0000	739185.466506
30.7698	-3.5756	3.2988	-93.0000	739185.466506
30.8860	-3.5756	3.2988	-93.0000	739185.466506
31.0023	-3.5756	3.2988	-93.0000	739185.466506
31.1185	-3.5756	3.2988	-93.0000	739185.466506
31.2350	-3.5756	3.2988	-93.0000	739185.466506
31.3511	-3.5756	3.2988	-93.0000	739185.466506
31.4673	-3.5756	3.2988	-93.0000	739185.466506
31.5835	-3.5756	3.2988	-93.0000	739185.466506
31.6997	-3.5756	3.2988	-93.0000	739185.466506
31.8162	-3.5756	3.2988	-93.0000	739185.466506
31.9323	-3.5756	3.2988	-93.0000	739185.466506
32.0485	-3.5756	3.2988	-93.0000	739185.466506
32.1648	-3.5756	3.2988	-93.0000	739185.466506
32.2810	-3.5756	3.2988	-93.0000	739185.466506
32.3971	-3.5756	3.2988	-93.0000	739185.466506
32.5134	-3.5756	3.2988	-93.0000	739185.466506
32.6296	-3.5756	3.2988	-93.0000	739185.466506
32.7459	-3.5756	3.2988	-93.0000	739185.466506
32.8621	-3.5756	3.2988	-93.0000	739185.466506
32.9784	-3.5756	3.2988	-93.0000	739185.466506
33.0946	-3.5756	3.2988	-93.0000	739185.466506
33.2108	-3.5756	3.2988	-93.0000	739185.466506
33.3272	-3.5756	3.2988	-93.0000	739185.466506
33.4433	-3.5756	3.2988	-93.0000	739185.466506
33.5595	-3.5756	3.2988	-93.0000	739185.466506
33.6758	-3.5756	3.2988	-93.0000	739185.466506
33.7923	-3.5756	3.2988	-93.0000	739185.466506
33.9084	-3.5756	3.2988	-93.0000	739185.466506
34.0245	-3.5756	3.2988	-93.0000	739185.466506
34.1407	-3.5756	3.2988	-93.0000	739185.466506
34.2569	-3.5756	3.2988	-93.0000	739185.466506
34.3736	-3.5756	3.2988	-93.0000	739185.466506
34.4894	-3.5756	3.2988	-93.0000	739185.466506
34.6057	-3.5756	3.2988	-93.0000	739185.466506
34.7219	-3.5756	3.2988	-93.0000	739185.466506
34.8382	-3.5756	3.2988	-93.0000	739185.466506
34.9544	-3.5756	3.2988	-93.0000	739185.466506
35.0707	-3.5756	3.2988	-93.0000	739185.466506
35.1868	-3.5756	3.2988	-93.0000	739185.466506
35.2871	-3.5756	3.2988	-93.0000	739185.466506
35.4030	-3.5756	3.2988	-93.0000	739185.466506
35.5193	-3.5756	3.2988	-93.0000	739185.466506
35.6358	-3.5756	3.2988	-93.0000	739185.466506
35.7521	-3.5756	3.2988	-93.0000	739185.466506
35.8684	-3.5756	3.2988	-93.0000	739185.466506
35.9843	-3.5756	3.2988	-93.0000	739185.466506
36.1005	-3.5756	3.2988	-93.0000	739185.466506
36.2170	-3.5756	3.2988	-93.0000	739185.466506
36.3332	-3.5756	3.2988	-93.0000	739185.466506
36.4497	-3.5756	3.2988	-93.0000	739185.466506
36.5655	-3.5756	3.2988	-93.0000	739185.466506
36.6819	-3.5756	3.2988	-93.0000	739185.466506
36.7979	-3.5756	3.2988	-93.0000	739185.466506
36.9141	-3.5756	3.2988	-93.0000	739185.466506
37.0305	-3.5756	3.2988	-93.0000	739185.466506
37.1466	-3.5756	3.2988	-93.0000	739185.466506
37.2629	-3.5756	3.2988	-93.0000	739185.466506
37.3792	-3.5756	3.2988	-93.0000	739185.466506
37.4956	-3.5756	3.2988	-93.0000	739185.466506
37.6117	-3.5756	3.2988	-93.0000	739185.466506
37.7280	-3.5756	3.2988	-93.0000	739185.466506
37.8445	-3.5756	3.2988	-93.0000	739185.466506
37.9605	-3.5756	3.2988	-93.0000	739185.466506
38.0768	-3.5756	3.2988	-93.0000	739185.466506
38.1929	-3.5756	3.2988	-93.0000	739185.466506
38.3092	-3.5756	3.2988	-93.0000	739185.466506
38.4257	-3.5756	3.2988	-93.0000	739185.466506
38.5417	-3.5756	3.2988	-93.0000	739185.466506
38.6576	-3.5756	3.2988	-93.0000	739185.466506
38.7743	-3.5756	3.2988	-93.0000	739185.466506
38.8903	-3.5756	3.2988	-93.0000	739185.466506
39.0065	-3.5756	3.2988	-93.0000	739185.466506
39.1228	-3.5756	3.2988	-93.0000	739185.466506
39.2389	-3.5756	3.2988	-93.0000	739185.466506
39.3552	-3.5756	3.2988	-93.0000	739185.466506
39.4714	-3.5756	3.2988	-93.0000	739185.466506
39.5877	-3.5756	3.2988	-93.0000	739185.466506
39.7040	-3.5756	3.2988	-93.0000	739185.466506
39.8202	-3.5756	3.2988	-93.0000	739185.466506
39.9365	-3.5756	3.2988	-93.0000	739185.466506
40.0526	-3.5756	3.2988	-93.0000	739185.466506
40.1689	-3.5756	3.2988	-93.0000	739185.466506
40.2853	-3.5756	3.2988	-93.0000	739185.466506
40.4015	-3.5756	3.2988	-93.0000	739185.466506
40.5176	-3.5756	3.2988	-93.0000	739185.466506
40.6338	-3.5756	3.2988	-93.0000	739185.466506
40.7502	-3.5756	3.2988	-93.0000	739185.466506
40.8664	-3.5756	3.2988	-93.0000	739185.466506
40.9828	-3.5756	3.2988	-93.0000	739185.466506
41.0988	-3.5756	3.2988	-93.0000	739185.466506
41.2151	-3.5756	3.2988	-93.0000	739185.466506
41.3312	-3.5756	3.2988	-93.0000	739185.466506
41.4475	-3.5756	3.2988	-93.0000	739185.466506
41.5637	-3.5756	3.2988	-93.0000	739185.466506
41.6800	-3.5756	3.2988	-93.0000	739185.466506
41.7962	-3.5756	3.2988	-93.0000	739185.466506
41.9124	-3.5756	3.2988	-93.0000	739185.466506
42.0289	-3.5756	3.2988	-93.0000	739185.466506
42.1449	-3.5756	3.2988	-93.0000	739185.466506
42.2612	-3.5756	3.2988	-93.0000	739185.466506
42.3775	-3.5756	3.2988	-93.0000	739185.466506
42.4938	-3.5756	3.2988	-93.0000	739185.466506
42.6097	-3.5756	3.2988	-93.0000	739185.466506
42.7262	-3.5756	3.2988	-93.0000	739185.466506
42.8423	-3.5756	3.2988	-93.0000	739185.466506
42.9586	-3.5756	3.2988	-93.0000	739185.466506
43.0748	-3.5756	3.2988	-93.0000	739185.466506
43.1911	-3.5756	3.2988	-93.0000	739185.466506
43.3073	-3.5756	3.2988	-93.0000	739185.466506
43.4241	-3.5756	3.2988	-93.0000	739185.466506
43.5398	-3.5756	3.2988	-93.0000	739185.466506
43.6561	-3.5756	3.2988	-93.0000	739185.466506
43.7723	-3.5756	3.2988	-93.0000	739185.466506
43.8885	-3.5756	3.2988	-93.0000	739185.466506
44.0047	-3.5756	3.2988	-93.0000	739185.466506
44.1211	-3.5756	3.2988	-93.0000	739185.466506
44.2374	-3.5756	3.2988	-93.0000	739185.466506
44.3535	-3.5756	3.2988	-93.0000	739185.466506
44.4700	-3.5756	3.2988	-93.0000	739185.466506
44.5862	-3.5756	3.2988	-93.0000	739185.466506
44.7023	-3.5756	3.2988	-93.0000	739185.466506
44.8183	-3.5756	3.2988	-93.0000	739185.466506
44.9347	-3.5756	3.2988	-93.0000	739185.466506
45.0512	-3.5756	3.2988	-93.0000	739185.466506
45.1673	-3.5756	3.2988	-93.0000	739185.466506
45.2837	-3.5756	3.2988	-93.0000	739185.466506
45.3997	-3.5756	3.2988	-93.0000	739185.466506
45.5159	-3.5756	3.2988	-93.0000	739185.466506
45.6321	-3.5756	3.2988	-93.0000	739185.466506
45.7484	-3.5756	3.2988	-93.0000	739185.466506
45.8648	-3.5756	3.2988	-93.0000	739185.466506
45.9810	-3.5756	3.2988	-93.0000	739185.466506
46.0972	-3.5756	3.2988	-93.0000	739185.466506
46.2133	-3.5756	3.2988	-93.0000	739185.466506
46.3299	-3.5756	3.2988	-93.0000	739185.466506
46.4460	-3.5756	3.2988	-93.0000	739185.466506
46.5620	-3.5756	3.2988	-93.0000	739185.466506
46.6783	-3.5756	3.2988	-93.0000	739185.466506
46.7947	-3.5756	3.2988	-93.0000	739185.466506
46.9103	-3.5756	3.2988	-93.0000	739185.466506
47.0267	-3.5756	3.2988	-93.0000	739185.466506
47.1430	-3.5756	3.2988	-93.0000	739185.466506
47.2591	-3.5756	3.2988	-93.0000	739185.466506
47.3754	-3.5756	3.2988	-93.0000	739185.466506
47.4916	-3.5756	3.2988	-93.0000	739185.466506
47.6078	-3.5756	3.2988	-93.0000	739185.466506
47.7241	-3.5756	3.2988	-93.0000	739185.466506
47.8404	-3.5756	3.2988	-93.0000	739185.466506
47.9566	-3.5756	3.2988	-93.0000	739185.466506
48.0728	-3.5756	3.2988	-93.0000	739185.466506
48.1890	-3.5756	3.2988	-93.0000	739185.466506
48.3053	-3.5756	3.2988	-93.0000	739185.466506
48.4215	-3.5756	3.2988	-93.0000	739185.466506
48.5379	-3.5756	3.2988	-93.0000	739185.466506
48.6540	-3.5756	3.2988	-93.0000	739185.466506
48.7703	-3.5756	3.2988	-93.0000	739185.466506
48.8865	-3.5756	3.2988	-93.0000	739185.466506
49.0027	-3.5756	3.2988	-93.0000	739185.466506
49.1190	-3.5756	3.2988	-93.0000	739185.466506
49.2352	-3.5756	3.2988	-93.0000	739185.466506
49.3514	-3.5756	3.2988	-93.0000	739185.466506
49.4676	-3.5756	3.2988	-93.0000	739185.466506
49.5840	-3.5756	3.2988	-93.0000	739185.466506
49.7002	-3.5756	3.2988	-93.0000	739185.466506
49.8164	-3.5756	3.2988	-93.0000	739185.466506
49.9326	-3.5756	3.2988	-93.0000	739185.466506
50.0489	-3.5756	3.2988	-93.0000	739185.466506
50.1651	-3.5756	3.2988	-93.0000	739185.466506
50.2814	-3.5756	3.2988	-93.0000	739185.466506
50.3976	-3.5756	3.2988	-93.0000	739185.466506
50.5139	-3.5756	3.2988	-93.0000	739185.466506
50.6301	-3.5756	3.2988	-93.0000	739185.466506
50.7463	-3.5756	3.2988	-93.0000	739185.466506
50.8626	-3.5756	3.2988	-93.0000	739185.466506
50.9788	-3.5756	3.2988	-93.0000	739185.466506
51.0950	-3.5756	3.2988	-93.0000	739185.466506
51.2112	-3.5756	3.2988	-93.0000	739185.466506
51.3275	-3.5756	3.2988	-93.0000	739185.466506
51.4438	-3.5560	2.9243	-93.0000	739185.466506
51.5600	-3.5599	2.5500	-78.0000	739185.466506
51.6763	-3.5599	2.5500	-57.0000	739185.466506
51.7925	-3.5599	2.5500	-36.0000	739185.466506
51.9086	-3.5599	2.5500	-18.0000	739185.466506
52.0249	-3.9166	2.4341	-18.0000	739185.466506
52.1411	-4.4159	2.2719	-18.0000	739185.466506
52.2573	-4.6299	2.2024	-24.0000	739185.466506
52.3736	-4.6299	2.2024	-45.0000	739185.466506
52.4899	-4.6299	2.2024	-66.0000	739185.466506
52.6061	-4.6299	2.2024	-87.0000	739185.466506
52.7224	-4.6299	2.2024	-108.0000	739185.466506
52.8386	-4.6299	2.2024	-129.0000	739185.466506
52.9548	-4.3467	1.8527	-129.0000	739185.466506
53.0711	-4.0163	1.4446	-129.0000	739185.466506
53.1872	-3.7022	1.1250	-144.0000	739185.466506
53.3036	-3.7022	1.1250	-165.0000	739185.466506
53.4198	-3.4778	1.1368	-186.0000	739185.466506
53.5360	-2.9635	1.2421	-192.0000	739185.466506
53.6523	-2.4500	1.3513	-192.0000	739185.466506
53.7685	-1.9286	1.3786	-174.0000	739185.466506
53.8848	-1.4320	1.2172	-153.0000	739185.466506
54.0010	-1.3042	1.1389	-132.0000	739185.466506
54.1173	-1.3042	1.1389	-111.0000	739185.466506
54.2334	-1.3042	1.1389	-90.0000	739185.466506
54.3497	-1.3892	0.8517	-69.0000	739185.466506
54.4660	-1.6644	0.4065	-54.0000	739185.466506
54.5824	-1.8407	0.1638	-51.0000	739185.466506
54.6985	-1.9057	0.1263	-30.0000	739185.466506
54.8147	-1.9057	0.1263	-9.0000	739185.466506
54.9308	-2.2783	0.1615	9.0000	739185.466506
55.0471	-2.7968	0.2437	9.0000	739185.466506
55.1634	-3.3154	0.3258	9.0000	739185.466506
55.2796	-3.8339	0.4079	9.0000	739185.466506
55.3959	-4.3524	0.4900	9.0000	739185.466506
55.5122	-4.8710	0.5722	9.0000	739185.466506
55.6284	-5.3895	0.6543	9.0000	739185.466506
55.7446	-5.8340	0.7247	9.0000	739185.466506
55.8608	-5.8340	0.7247	9.0000	739185.466506
55.9770	-5.8340	0.7247	-12.0000	739185.466506
56.0933	-5.8340	0.7247	-33.0000	739185.466506
56.2095	-5.8340	0.7247	-54.0000	739185.466506
56.3257	-5.8748	0.6618	-75.0000	739185.466506
56.4420	-5.8748	0.6618	-81.0000	739185.466506
56.5583	-5.8748	0.6618	-81.0000	739185.466506
56.6744	-5.8748	0.6618	-81.0000	739185.466506
56.7907	-5.8748	0.6618	-81.0000	739185.466506
56.9070	-5.8748	0.6618	-81.0000	739185.466506
57.0231	-5.8748	0.6618	-93.0000	739185.466506
57.1395	-5.8748	0.6618	-102.0000	739185.466506
57.2557	-5.8748	0.6618	-105.0000	739185.466506
57.3722	-5.8748	0.6618	-126.0000	739185.466506
57.4882	-5.8246	0.6061	-132.0000	739185.466506
57.6044	-5.4733	0.2159	-132.0000	739185.466506
57.7206	-5.4232	0.1602	-120.0000	739185.466506
57.8369	-5.4232	0.1602	-99.0000	739185.466506
57.9531	-5.4232	0.1602	-78.0000	739185.466506
58.0694	-5.4232	0.1602	-57.0000	739185.466506
58.1856	-5.4232	0.1602	-36.0000	739185.466506
58.3018	-5.4232	0.1602	-30.0000	739185.466506
58.4180	-5.4232	0.1602	-30.0000	739185.466506
58.5343	-5.4232	0.1602	-30.0000	739185.466506
58.6506	-5.4232	0.1602	-30.0000	739185.466506
58.7668	-5.4232	0.1602	-9.0000	739185.466506
58.8829	-5.6478	0.1484	-3.0000	739185.466506
58.9993	-6.1721	0.1209	-3.0000	739185.466506
59.1156	-6.1721	0.1209	-3.0000	739185.466506
59.2317	-6.1721	0.1209	-3.0000	739185.466506
59.3480	-6.1721	0.1209	-3.0000	739185.466506
59.4641	-6.1721	0.1209	-3.0000	739185.466506
59.5805	-6.1721	0.1209	-3.0000	739185.466506
59.6968	-6.1721	0.1209	-3.0000	739185.466506
59.8128	-6.1721	0.1209	-3.0000	739185.466506
59.9292	-6.1721	0.1209	-3.0000	739185.466506
60.0454	-6.1721	0.1209	-3.0000	739185.466506
60.1617	-6.1721	0.1209	-6.0000	739185.466506
60.2779	-6.1721	0.1209	-27.0000	739185.466506
0.1159	0.0000	0.0000	45.0000	739192.558776
0.2322	0.0000	0.0000	45.0000	739192.558776
0.3484	0.0000	0.0000	45.0000	739192.558776
0.4647	0.0000	0.0000	45.0000	739192.558776
0.5808	0.0000	0.0000	45.0000	739192.558776
0.6971	0.0000	0.0000	45.0000	739192.558776
0.8134	0.0000	0.0000	45.0000	739192.558776
0.9296	0.0000	0.0000	45.0000	739192.558776
1.0458	0.0000	0.0000	45.0000	739192.558776
1.1621	-0.2121	0.2121	45.0000	739192.558776
1.2783	-0.5380	0.6207	60.0000	739192.558776
1.3946	-0.7370	1.1062	69.0000	739192.558776
1.5109	-0.8713	1.4563	69.0000	739192.558776
1.6271	-0.8713	1.4563	87.0000	739192.558776
1.7432	-0.8713	1.6813	90.0000	739192.558776
1.8596	-0.8713	2.2063	90.0000	739192.558776
1.9757	-0.8713	2.7313	90.0000	739192.558776
2.0920	-0.8713	3.2563	90.0000	739192.558776
2.2083	-0.8948	3.4798	69.0000	739192.558776
2.3246	-0.8948	3.4798	48.0000	739192.558776
2.4407	-0.8948	3.4798	27.0000	739192.558776
2.5569	-0.8948	3.4798	6.0000	739192.558776
2.6733	-1.1147	3.4331	-15.0000	739192.558776
2.7895	-1.6218	3.2972	-15.0000	739192.558776
2.9057	-2.1289	3.1613	-15.0000	739192.558776
3.0219	-2.2748	3.1263	-9.0000	739192.558776
3.1382	-2.6474	3.1616	9.0000	739192.558776
3.2544	-3.1659	3.2437	9.0000	739192.558776
3.3708	-3.6845	3.3258	9.0000	739192.558776
3.4869	-4.2007	3.4195	15.0000	739192.558776
3.6031	-4.2007	3.4195	36.0000	739192.558776
3.7193	-4.2007	3.4195	57.0000	739192.558776
3.8355	-4.3368	3.6868	63.0000	739192.558776
3.9518	-4.5752	4.1546	63.0000	739192.558776
4.0681	-4.6666	4.3599	81.0000	739192.558776
4.1843	-4.6666	4.3599	102.0000	739192.558776
4.3007	-4.6666	4.3599	123.0000	739192.558776
4.4167	-4.6666	4.3599	144.0000	739192.558776
4.5330	-4.3521	4.5642	147.0000	739192.558776
4.6493	-4.1634	4.6867	147.0000	739192.558776
4.7655	-4.1634	4.6867	141.0000	739192.558776
4.8817	-4.1634	4.6867	120.0000	739192.558776
4.9980	-4.1634	4.6867	99.0000	739192.558776
5.1142	-4.1986	4.9087	78.0000	739192.558776
5.2304	-4.2845	5.4257	87.0000	739192.558776
5.3466	-4.2845	5.5007	108.0000	739192.558776
5.4630	-4.2845	5.5007	129.0000	739192.558776
5.5792	-4.2845	5.5007	150.0000	739192.558776
5.6954	-4.2845	5.5007	171.0000	739192.558776
5.8116	-3.9858	5.4733	186.0000	739192.558776
5.9280	-3.4637	5.4184	186.0000	739192.558776
6.0441	-2.9415	5.3635	186.0000	739192.558776
6.1604	-2.4233	5.2855	195.0000	739192.558776
6.2766	-1.9581	5.0484	216.0000	739192.558776
6.3929	-1.6937	4.7840	237.0000	739192.558776
6.5093	-1.6937	4.7840	258.0000	739192.558776
6.6254	-1.6937	4.7840	279.0000	739192.558776
6.7415	-1.6937	4.7840	300.0000	739192.558776
6.8578	-1.6937	4.7840	321.0000	739192.558776
6.9740	-1.6937	4.7840	339.0000	739192.558776
7.0904	-1.6937	4.7840	339.0000	739192.558776
7.2066	-1.6937	4.7840	339.0000	739192.558776
7.3228	-1.6937	4.7840	354.0000	739192.558776
7.4391	-1.6937	4.7840	375.0000	739192.558776
7.5553	-1.8885	4.8965	390.0000	739192.558776
7.6715	-2.3432	5.1590	390.0000	739192.558776
7.7878	-2.8147	5.3861	378.0000	739192.558776
7.9042	-3.3340	5.4407	357.0000	739192.558776
8.0202	-3.8383	5.3055	336.0000	739192.558776
8.1364	-4.2607	4.9986	315.0000	739192.558776
8.2527	-4.5451	4.5607	294.0000	739192.558776
8.3689	-4.6537	4.0500	273.0000	739192.558776
8.4852	-4.5950	3.5292	261.0000	739192.558776
8.6013	-4.5519	3.0076	273.0000	739192.558776
8.7176	-4.6871	2.5033	294.0000	739192.558776
8.8339	-4.7211	2.4365	315.0000	739192.558776
8.9501	-4.7211	2.4365	336.0000	739192.558776
9.0664	-4.7211	2.4365	357.0000	739192.558776
9.1825	-4.9394	2.4909	375.0000	739192.558776
9.2988	-5.4454	2.6305	378.0000	739192.558776
9.4151	-5.5154	2.6574	399.0000	739192.558776
9.5313	-5.5154	2.6574	420.0000	739192.558776
9.6477	-5.5154	2.6574	441.0000	739192.558776
9.7638	-5.5036	3.1069	453.0000	739192.558776
9.8800	-5.4761	3.6312	453.0000	739192.558776
9.9962	-5.4486	4.1554	453.0000	739192.558776
10.1125	-5.4212	4.6797	453.0000	739192.558776
10.2288	-5.4212	4.6797	435.0000	739192.558776
10.3451	-5.4212	4.6797	414.0000	739192.558776
10.4612	-5.4212	4.6797	393.0000	739192.558776
10.5774	-5.4212	4.6797	372.0000	739192.558776
10.6937	-5.4212	4.6797	351.0000	739192.558776
10.8099	-5.4212	4.6797	330.0000	739192.558776
10.9262	-5.4212	4.6797	309.0000	739192.558776
11.0424	-5.4212	4.6797	288.0000	739192.558776
11.1586	-5.4212	4.6797	267.0000	739192.558776
11.2749	-5.3674	4.5397	249.0000	739192.558776
11.3911	-5.1793	4.0495	249.0000	739192.558776
11.5074	-5.1253	3.8333	267.0000	739192.558776
11.6237	-5.2070	3.3176	288.0000	739192.558776
11.7398	-5.4484	2.8524	300.0000	739192.558776
11.8561	-5.6355	2.3650	282.0000	739192.558776
11.9723	-5.6590	2.0664	261.0000	739192.558776
12.0885	-5.6590	2.0664	240.0000	739192.558776
12.2048	-5.6590	2.0664	219.0000	739192.558776
12.3210	-5.6590	2.0664	198.0000	739192.558776
12.4374	-5.5090	2.0664	180.0000	739192.558776
12.5534	-4.9840	2.0664	180.0000	739192.558776
12.6698	-4.4590	2.0664	180.0000	739192.558776
12.7860	-4.2345	2.0547	198.0000	739192.558776
12.9023	-4.2345	2.0547	219.0000	739192.558776
13.0186	-4.0224	1.8425	225.0000	739192.558776
13.1348	-3.6138	1.5167	210.0000	739192.558776
13.2510	-3.1172	1.3553	189.0000	739192.558776
13.3672	-2.5935	1.3200	186.0000	739192.558776
13.4835	-2.0970	1.1587	207.0000	739192.558776
13.5996	-2.0320	1.1212	228.0000	739192.558776
13.7160	-2.0320	1.1212	249.0000	739192.558776
13.8321	-2.0320	1.1212	270.0000	739192.558776
13.9483	-2.0320	1.1212	291.0000	739192.558776
14.0646	-2.2859	0.7518	312.0000	739192.558776
14.1809	-2.4529	0.6014	333.0000	739192.558776
14.2971	-2.4529	0.6014	354.0000	739192.558776
14.4133	-2.6752	0.6366	369.0000	739192.558776
14.5296	-3.1942	0.7148	366.0000	739192.558776
14.6458	-3.7135	0.6602	345.0000	739192.558776
14.7621	-4.2049	0.4758	339.0000	739192.558776
14.8783	-4.6951	0.2876	339.0000	739192.558776
14.9945	-5.2058	0.1791	357.0000	739192.558776
15.1107	-5.7266	0.2378	369.0000	739192.558776
15.2270	-6.0229	0.2847	360.0000	739192.558776
15.3434	-6.0229	0.2847	339.0000	739192.558776
15.4595	-6.0812	0.2375	318.0000	739192.558776
0.1162	0.0000	0.0000	45.0000	739192.564117
0.2323	0.0000	0.0000	45.0000	739192.564117
0.3485	0.0000	0.0000	45.0000	739192.564117
0.4649	0.0000	0.0000	45.0000	739192.564117
0.5811	0.0000	0.0000	45.0000	739192.564117
0.6974	0.0000	0.0000	45.0000	739192.564117
0.8135	0.0000	0.0000	57.0000	739192.564117
0.9298	0.0000	0.0000	63.0000	739192.564117
1.0460	-0.2133	0.4790	69.0000	739192.564117
1.1623	-0.2670	0.6191	69.0000	739192.564117
1.2785	-0.4552	1.1092	69.0000	739192.564117
1.3948	-0.6433	1.5993	69.0000	739192.564117
1.5109	-0.8203	2.0932	75.0000	739192.564117
1.6272	-0.8476	2.6146	96.0000	739192.564117
1.7434	-0.6971	3.1159	111.0000	739192.564117
1.8597	-0.6971	3.1159	105.0000	739192.564117
1.9759	-0.6971	3.1159	84.0000	739192.564117
2.0921	-0.6971	3.1159	63.0000	739192.564117
2.2083	-0.6971	3.1159	45.0000	739192.564117
2.3247	-0.8562	3.2750	45.0000	739192.564117
2.4410	-1.2274	3.6462	45.0000	739192.564117
2.5572	-1.3945	3.7966	27.0000	739192.564117
2.6733	-1.3945	3.7966	6.0000	739192.564117
2.7895	-1.3945	3.7966	-15.0000	739192.564117
2.9057	-1.7303	3.6299	-27.0000	739192.564117
3.0220	-2.1981	3.3916	-27.0000	739192.564117
3.1383	-2.6707	3.1640	-21.0000	739192.564117
3.2545	-2.8904	3.1252	0.0000	739192.564117
3.3709	-3.4011	3.2337	21.0000	739192.564117
3.4870	-3.8807	3.4473	24.0000	739192.564117
3.6033	-4.0178	3.5083	27.0000	739192.564117
3.7195	-4.0178	3.5083	48.0000	739192.564117
3.8357	-4.0178	3.5083	69.0000	739192.564117
3.9520	-4.0447	3.5783	69.0000	739192.564117
4.0683	-4.2328	4.0684	69.0000	739192.564117
4.1844	-4.3941	4.4886	69.0000	739192.564117
4.3007	-4.3941	4.4886	81.0000	739192.564117
4.4170	-4.3941	4.4886	63.0000	739192.564117
4.5332	-4.3941	4.4886	57.0000	739192.564117
4.6494	-4.3941	4.4886	78.0000	739192.564117
4.7657	-4.3941	4.4886	99.0000	739192.564117
4.8819	-4.3941	4.4886	120.0000	739192.564117
4.9983	-4.3941	4.4886	141.0000	739192.564117
5.1145	-4.3941	4.4886	162.0000	739192.564117
5.2305	-4.3941	4.4886	162.0000	739192.564117
5.3469	-4.3941	4.4886	174.0000	739192.564117
5.4631	-4.3941	4.4886	195.0000	739192.564117
5.5793	-4.3941	4.4886	216.0000	739192.564117
5.6956	-4.3941	4.4886	237.0000	739192.564117
5.8118	-4.3941	4.4886	258.0000	739192.564117
5.9281	-4.3941	4.4886	279.0000	739192.564117
6.0443	-4.4720	4.1217	282.0000	739192.564117
6.1605	-4.5812	3.6082	282.0000	739192.564117
6.2767	-4.6903	3.0947	282.0000	739192.564117
6.3930	-4.7995	2.5812	282.0000	739192.564117
6.5092	-4.8892	2.1403	276.0000	739192.564117
6.6255	-4.8892	2.1403	255.0000	739192.564117
6.7418	-4.8892	2.1403	234.0000	739192.564117
6.8580	-4.8892	2.1403	231.0000	739192.564117
6.9742	-4.7948	2.0237	231.0000	739192.564117
7.0904	-4.4644	1.6157	231.0000	739192.564117
7.2066	-4.3612	1.5069	210.0000	739192.564117
7.3229	-4.1413	1.4602	189.0000	739192.564117
7.4391	-3.6192	1.4053	186.0000	739192.564117
7.5554	-3.0970	1.3504	186.0000	739192.564117
7.6717	-2.6005	1.1891	207.0000	739192.564117
7.7879	-2.1947	0.8605	228.0000	739192.564117
7.9041	-1.9605	0.4784	249.0000	739192.564117
8.0204	-1.9605	0.4784	270.0000	739192.564117
8.1366	-1.9605	0.4784	291.0000	739192.564117
8.2528	-1.9605	0.4784	312.0000	739192.564117
8.3691	-1.9605	0.4784	333.0000	739192.564117
8.4853	-1.9605	0.4784	333.0000	739192.564117
8.6016	-1.9605	0.4784	333.0000	739192.564117
8.7178	-1.9605	0.4784	351.0000	739192.564117
8.8340	-2.4081	0.4313	354.0000	739192.564117
8.9505	-2.9302	0.3764	354.0000	739192.564117
9.0665	-3.4523	0.3216	354.0000	739192.564117
9.1828	-3.9744	0.2667	354.0000	739192.564117
9.2990	-4.4976	0.2510	366.0000	739192.564117
9.4153	-5.0118	0.3563	372.0000	739192.564117
9.5316	-5.5273	0.4538	366.0000	739192.564117
9.6477	-5.8267	0.4460	345.0000	739192.564117
9.7639	-5.8980	0.4228	324.0000	739192.564117
9.8803	-6.1334	0.1322	303.0000	739192.564117
