T	X	Y	HEADING	NOW_NUM
0.1161	0.0000	0.0000	45.0000	739185.444933
0.2323	0.0000	0.0000	45.0000	739185.444933
0.3486	0.0000	0.0000	45.0000	739185.444933
0.4647	0.0000	0.0000	45.0000	739185.444933
0.5810	0.0000	0.0000	45.0000	739185.444933
0.6975	0.0000	0.0000	45.0000	739185.444933
0.8135	0.0000	0.0000	45.0000	739185.444933
0.9297	0.0000	0.0000	45.0000	739185.444933
1.0459	0.0000	0.0000	33.0000	739185.444933
1.1621	0.0000	0.0000	12.0000	739185.444933
1.2787	0.0000	0.0000	12.0000	739185.444933
1.3948	0.0000	0.0000	12.0000	739185.444933
1.5110	0.0000	0.0000	12.0000	739185.444933
1.6271	0.0000	0.0000	0.0000	739185.444933
1.7433	0.0000	0.0000	-21.0000	739185.444933
1.8597	0.0000	0.0000	-33.0000	739185.444933
1.9759	0.0000	0.0000	-33.0000	739185.444933
2.0922	0.0000	0.0000	-33.0000	739185.444933
2.2084	-0.1887	-0.1225	-33.0000	739185.444933
2.3245	-0.1887	-0.1225	-21.0000	739185.444933
2.4407	-0.1887	-0.1225	-6.0000	739185.444933
2.5571	-0.1887	-0.1225	-6.0000	739185.444933
2.6735	-0.1887	-0.1225	-6.0000	739185.444933
2.7896	-0.1887	-0.1225	-6.0000	739185.444933
2.9057	-0.1887	-0.1225	-6.0000	739185.444933
3.0220	-0.1887	-0.1225	-6.0000	739185.444933
3.1383	-0.1887	-0.1225	-6.0000	739185.444933
3.2545	-0.1887	-0.1225	-6.0000	739185.444933
3.3709	-0.1887	-0.1225	-6.0000	739185.444933
3.4870	-0.1887	-0.1225	-6.0000	739185.444933
3.6032	-0.1887	-0.1225	15.0000	739185.444933
3.7195	-0.1887	-0.1225	18.0000	739185.444933
3.8357	-0.1887	-0.1225	18.0000	739185.444933
3.9520	-0.1887	-0.1225	18.0000	739185.444933
4.0681	-0.1887	-0.1225	18.0000	739185.444933
4.1844	-0.1887	-0.1225	18.0000	739185.444933
4.3006	-0.1887	-0.1225	18.0000	739185.444933
4.4169	-0.1887	-0.1225	33.0000	739185.444933
4.5331	-0.1887	-0.1225	54.0000	739185.444933
4.6494	-0.3210	0.0595	54.0000	739185.444933
4.7655	-0.6295	0.4842	54.0000	739185.444933
4.8818	-0.8500	0.7876	54.0000	739185.444933
4.9818	-0.8500	0.7876	54.0000	739185.444933
5.0978	-0.8500	0.7876	54.0000	739185.444933
5.2140	-0.8500	0.7876	54.0000	739185.444933
5.3303	-0.8500	0.7876	75.0000	739185.444933
5.4465	-0.8500	0.7876	84.0000	739185.444933
5.5627	-0.8500	0.7876	84.0000	739185.444933
5.6789	-0.8735	1.0114	84.0000	739185.444933
5.7791	-0.8735	1.0114	84.0000	739185.444933
5.8949	-0.8735	1.0114	84.0000	739185.444933
6.0111	-0.8735	1.0114	84.0000	739185.444933
6.1273	-0.8735	1.0114	84.0000	739185.444933
6.2438	-0.8735	1.0114	72.0000	739185.444933
6.3598	-0.8735	1.0114	54.0000	739185.444933
6.4761	-0.8735	1.0114	54.0000	739185.444933
6.5923	-0.8735	1.0114	54.0000	739185.444933
6.7086	-0.8735	1.0114	54.0000	739185.444933
6.8248	-0.8735	1.0114	54.0000	739185.444933
6.9409	-0.8735	1.0114	54.0000	739185.444933
7.0572	-0.8735	1.0114	57.0000	739185.444933
7.1736	-0.8735	1.0114	78.0000	739185.444933
7.2898	-0.8735	1.0114	93.0000	739185.444933
7.4058	-0.8735	1.0114	93.0000	739185.444933
7.5221	-0.8735	1.0114	93.0000	739185.444933
7.6383	-0.8735	1.0114	93.0000	739185.444933
7.7547	-0.8735	1.0114	93.0000	739185.444933
7.8709	-0.8735	1.0114	84.0000	739185.444933
7.9871	-0.8735	1.0114	63.0000	739185.444933
8.1033	-0.8735	1.0114	42.0000	739185.444933
8.2195	-0.8735	1.0114	42.0000	739185.444933
8.3360	-0.8735	1.0114	60.0000	739185.444933
8.4520	-0.8735	1.0114	81.0000	739185.444933
8.5683	-0.8735	1.0114	96.0000	739185.444933
8.6844	-0.8735	1.0114	96.0000	739185.444933
8.8007	-0.8343	1.3843	96.0000	739185.444933
8.9170	-0.7794	1.9064	96.0000	739185.444933
9.0332	-0.7245	2.4286	96.0000	739185.444933
9.1497	-0.6696	2.9507	96.0000	739185.444933
9.2656	-0.6148	3.4728	96.0000	739185.444933
9.3819	-0.5599	3.9949	96.0000	739185.444933
9.4982	-0.5638	4.5176	81.0000	739185.444933
9.6144	-0.6573	4.9577	78.0000	739185.444933
9.7307	-0.7665	5.4713	78.0000	739185.444933
9.8468	-0.8445	5.8381	78.0000	739185.444933
9.9631	-0.8445	5.8381	78.0000	739185.444933
10.0794	-0.8445	5.8381	75.0000	739185.444933
10.1957	-0.8445	5.8381	54.0000	739185.444933
10.3119	-0.8445	5.8381	33.0000	739185.444933
10.4281	-0.8445	5.8381	12.0000	739185.444933
10.5443	-0.8445	5.8381	-9.0000	739185.444933
10.6606	-0.8445	5.8381	-18.0000	739185.444933
10.7769	-0.8445	5.8381	-18.0000	739185.444933
10.8930	-0.8445	5.8381	-18.0000	739185.444933
11.0093	-1.2011	5.7222	-18.0000	739185.444933
11.1256	-1.7004	5.5600	-18.0000	739185.444933
11.2417	-1.8431	5.5136	-21.0000	739185.444933
11.3580	-1.8431	5.5136	-42.0000	739185.444933
11.4743	-1.8431	5.5136	-63.0000	739185.444933
11.5905	-1.8431	5.5136	-84.0000	739185.444933
11.7068	-1.8431	5.5136	-90.0000	739185.444933
11.8231	-1.8431	5.5136	-90.0000	739185.444933
11.9392	-1.8431	5.5136	-93.0000	739185.444933
12.0558	-1.8431	5.5136	-114.0000	739185.444933
12.1716	-1.8431	5.5136	-120.0000	739185.444933
12.2880	-1.8431	5.5136	-120.0000	739185.444933
12.4042	-1.8431	5.5136	-120.0000	739185.444933
12.5204	-1.8431	5.5136	-120.0000	739185.444933
12.6369	-1.8431	5.5136	-114.0000	739185.444933
12.7529	-1.8431	5.5136	-114.0000	739185.444933
12.8691	-1.8431	5.5136	-114.0000	739185.444933
12.9854	-1.7821	5.3766	-114.0000	739185.444933
13.1015	-1.5685	4.8970	-114.0000	739185.444933
13.2178	-1.3550	4.4173	-114.0000	739185.444933
13.3341	-1.2746	4.2079	-105.0000	739185.444933
13.4504	-1.2080	3.6875	-96.0000	739185.444933
13.5666	-1.1532	3.1654	-96.0000	739185.444933
13.6828	-1.1296	2.9416	-96.0000	739185.444933
13.7990	-1.1296	2.9416	-96.0000	739185.444933
13.9153	-1.1296	2.9416	-96.0000	739185.444933
14.0315	-1.1296	2.9416	-96.0000	739185.444933
14.1477	-1.1296	2.9416	-96.0000	739185.444933
14.2639	-1.1296	2.9416	-96.0000	739185.444933
14.3802	-1.1296	2.9416	-78.0000	739185.444933
14.4965	-1.1296	2.9416	-78.0000	739185.444933
14.6127	-1.1296	2.9416	-78.0000	739185.444933
14.7290	-1.1920	2.6482	-78.0000	739185.444933
14.8451	-1.3012	2.1346	-78.0000	739185.444933
14.9617	-1.4103	1.6211	-78.0000	739185.444933
15.0777	-1.5039	1.1809	-78.0000	739185.444933
15.1938	-1.5039	1.1809	-72.0000	739185.444933
15.3101	-1.5039	1.1809	-51.0000	739185.444933
15.4263	-1.5039	1.1809	-39.0000	739185.444933
15.5425	-1.5039	1.1809	-39.0000	739185.444933
15.6588	-1.5622	1.1337	-39.0000	739185.444933
15.7752	-1.5622	1.1337	-39.0000	739185.444933
15.8914	-1.5622	1.1337	-39.0000	739185.444933
16.0076	-1.5622	1.1337	-21.0000	739185.444933
16.1238	-1.5622	1.1337	0.0000	739185.444933
16.2401	-1.5622	1.1337	9.0000	739185.444933
16.3563	-1.7844	1.1689	9.0000	739185.444933
16.4725	-2.3029	1.2511	9.0000	739185.444933
16.5888	-2.5252	1.2863	9.0000	739185.444933
16.7050	-2.5252	1.2863	9.0000	739185.444933
16.8213	-2.8215	1.3332	9.0000	739185.444933
16.9376	-3.2659	1.4036	9.0000	739185.444933
17.0537	-3.2659	1.4036	9.0000	739185.444933
17.1699	-3.2659	1.4036	9.0000	739185.444933
17.2862	-3.2659	1.4036	9.0000	739185.444933
17.4026	-3.2659	1.4036	9.0000	739185.444933
17.5188	-3.2659	1.4036	9.0000	739185.444933
17.6349	-3.2659	1.4036	12.0000	739185.444933
17.7512	-3.2659	1.4036	24.0000	739185.444933
17.8674	-3.4715	1.4951	24.0000	739185.444933
17.9836	-3.8141	1.6476	24.0000	739185.444933
18.0998	-3.8141	1.6476	24.0000	739185.444933
18.2161	-3.8141	1.6476	24.0000	739185.444933
18.3324	-3.8141	1.6476	45.0000	739185.444933
18.4486	-3.8141	1.6476	66.0000	739185.444933
18.5648	-3.8141	1.6476	84.0000	739185.444933
18.6811	-3.8454	1.9460	84.0000	739185.444933
18.7973	-3.8689	2.1697	84.0000	739185.444933
18.9136	-3.8689	2.1697	84.0000	739185.444933
19.0298	-3.8689	2.1697	84.0000	739185.444933
19.1460	-3.8689	2.1697	87.0000	739185.444933
19.2622	-3.8689	2.1697	108.0000	739185.444933
19.3785	-3.7469	2.4438	114.0000	739185.444933
19.4947	-3.5334	2.9234	114.0000	739185.444933
19.6109	-3.3198	3.4030	114.0000	739185.444933
19.7271	-3.3198	3.4030	99.0000	739185.444933
19.8434	-3.3198	3.4030	78.0000	739185.444933
19.9596	-3.3198	3.4030	69.0000	739185.444933
20.0760	-3.3198	3.4030	69.0000	739185.444933
20.1922	-3.3198	3.4030	69.0000	739185.444933
20.3085	-3.3198	3.4030	69.0000	739185.444933
20.4247	-3.3198	3.4030	69.0000	739185.444933
20.5409	-3.1586	2.9829	69.0000	739185.444933
20.6571	-3.1317	2.9129	69.0000	739185.444933
20.7735	-3.1317	2.9129	69.0000	739185.444933
20.8896	-3.1317	2.9129	60.0000	739185.444933
21.0058	-3.1317	2.9129	39.0000	739185.444933
21.1220	-3.1317	2.9129	18.0000	739185.444933
21.2383	-3.1317	2.9129	9.0000	739185.444933
21.3545	-3.1317	2.9129	9.0000	739185.444933
21.4708	-3.1317	2.9129	9.0000	739185.444933
21.5870	-3.5021	2.9716	9.0000	739185.444933
21.7032	-3.7984	3.0185	12.0000	739185.444933
21.8194	-3.7984	3.0185	33.0000	739185.444933
21.9357	-3.7984	3.0185	51.0000	739185.444933
22.0520	-4.0344	3.3099	51.0000	739185.444933
22.1682	-4.3648	3.7179	51.0000	739185.444933
22.2844	-4.4592	3.8345	42.0000	739185.444933
22.4007	-4.4592	3.8345	21.0000	739185.444933
22.5169	-4.4592	3.8345	0.0000	739185.444933
22.6331	-4.4592	3.8345	-21.0000	739185.444933
22.7494	-4.7393	3.7270	-21.0000	739185.444933
22.8655	-5.2294	3.5388	-21.0000	739185.444933
22.9818	-5.5795	3.4045	-18.0000	739185.444933
23.0980	-5.5795	3.4045	3.0000	739185.444933
23.2144	-5.5795	3.4045	24.0000	739185.444933
23.3307	-5.5795	3.4045	45.0000	739185.444933
23.4468	-5.5795	3.4045	66.0000	739185.444933
23.5630	-5.6571	3.6942	75.0000	739185.444933
23.6631	-5.7736	4.1289	75.0000	739185.444933
23.7791	-5.8706	4.4911	78.0000	739185.444933
23.8954	-5.8706	4.4911	99.0000	739185.444933
24.0121	-5.8706	4.4911	117.0000	739185.444933
24.1279	-5.7004	4.8253	117.0000	739185.444933
24.2442	-5.7004	4.8253	117.0000	739185.444933
24.3603	-5.7004	4.8253	117.0000	739185.444933
24.4769	-5.7004	4.8253	138.0000	739185.444933
24.5929	-5.7004	4.8253	159.0000	739185.444933
24.7095	-5.7004	4.8253	180.0000	739185.444933
24.8257	-5.2554	4.7588	189.0000	739185.444933
24.9417	-4.7369	4.6766	189.0000	739185.444933
25.0579	-4.2184	4.5945	189.0000	739185.444933
25.1742	-3.6998	4.5124	189.0000	739185.444933
25.2904	-3.2554	4.4420	189.0000	739185.444933
25.4069	-3.2554	4.4420	168.0000	739185.444933
25.5229	-3.2554	4.4420	147.0000	739185.444933
25.6392	-3.2554	4.4420	126.0000	739185.444933
25.7555	-3.2554	4.4420	105.0000	739185.444933
25.8716	-3.2475	4.5918	93.0000	739185.444933
25.9878	-3.2200	5.1160	93.0000	739185.444933
26.1040	-3.1926	5.6403	93.0000	739185.444933
26.2202	-3.1847	5.7901	78.0000	739185.444933
26.3364	-3.1847	5.7901	57.0000	739185.444933
26.4527	-3.1847	5.7901	36.0000	739185.444933
26.5692	-3.1847	5.7901	15.0000	739185.444933
26.6852	-3.5592	5.8019	0.0000	739185.444933
26.8014	-4.0842	5.8019	0.0000	739185.444933
26.9177	-4.6092	5.8019	0.0000	739185.444933
27.0339	-5.1342	5.8019	0.0000	739185.444933
27.1502	-5.6592	5.8019	0.0000	739185.444933
27.2664	-6.1091	5.8058	6.0000	739185.444933
27.3825	-6.1091	5.8058	27.0000	739185.444933
27.4989	-6.1091	5.8058	48.0000	739185.444933
27.6154	-6.1360	5.8758	69.0000	739185.444933
0.1160	0.0000	0.0000	45.0000	739185.462844
0.2322	0.0000	0.0000	45.0000	739185.462844
0.3486	0.0000	0.0000	45.0000	739185.462844
0.4647	0.0000	0.0000	45.0000	739185.462844
0.5810	0.0000	0.0000	45.0000	739185.462844
0.6972	0.0000	0.0000	45.0000	739185.462844
0.8133	0.0000	0.0000	45.0000	739185.462844
0.9297	0.0000	0.0000	45.0000	739185.462844
1.0459	0.0000	0.0000	45.0000	739185.462844
1.1621	0.0000	0.0000	45.0000	739185.462844
1.2783	0.0000	0.0000	45.0000	739185.462844
1.3945	0.0000	0.0000	45.0000	739185.462844
1.5109	0.0000	0.0000	45.0000	739185.462844
1.6270	0.0000	0.0000	45.0000	739185.462844
1.7433	0.0000	0.0000	45.0000	739185.462844
1.8598	0.0000	0.0000	45.0000	739185.462844
1.9758	0.0000	0.0000	45.0000	739185.462844
2.0920	0.0000	0.0000	45.0000	739185.462844
2.2083	0.0000	0.0000	45.0000	739185.462844
2.3246	-0.2652	0.2652	45.0000	739185.462844
2.4407	-0.6364	0.6364	45.0000	739185.462844
2.5570	-0.6364	0.6364	45.0000	739185.462844
2.6732	-0.6364	0.6364	48.0000	739185.462844
2.7893	-0.6364	0.6364	69.0000	739185.462844
2.8894	-0.6364	0.6364	87.0000	739185.462844
3.0056	-0.6364	0.6364	93.0000	739185.462844
3.1219	-0.6364	0.6364	93.0000	739185.462844
3.2383	-0.6364	0.6364	93.0000	739185.462844
3.3543	-0.6364	0.6364	93.0000	739185.462844
3.4706	-0.6364	0.6364	93.0000	739185.462844
3.5870	-0.6364	0.6364	93.0000	739185.462844
3.7032	-0.6364	0.6364	78.0000	739185.462844
3.8194	-0.6364	0.6364	69.0000	739185.462844
3.9355	-0.6364	0.6364	69.0000	739185.462844
4.0517	-0.6364	0.6364	75.0000	739185.462844
4.1680	-0.6364	0.6364	87.0000	739185.462844
4.2846	-0.6599	1.0858	87.0000	739185.462844
4.4005	-0.6874	1.6101	87.0000	739185.462844
4.5168	-0.7149	2.1343	87.0000	739185.462844
4.6332	-0.7424	2.6586	87.0000	739185.462844
4.7493	-0.6645	3.1754	105.0000	739185.462844
4.8657	-0.5286	3.6825	105.0000	739185.462844
4.9817	-0.3927	4.1897	105.0000	739185.462844
5.0979	-0.3539	4.3345	105.0000	739185.462844
5.2145	-0.3151	4.4794	105.0000	739185.462844
5.3303	-0.2568	4.6968	105.0000	739185.462844
5.4469	-0.2568	4.6968	99.0000	739185.462844
5.5628	-0.2568	4.6968	84.0000	739185.462844
5.6791	-0.2568	4.6968	84.0000	739185.462844
5.7954	-0.2725	4.8459	84.0000	739185.462844
5.9114	-0.3274	5.3681	84.0000	739185.462844
6.0277	-0.3274	5.3681	72.0000	739185.462844
6.1440	-0.3274	5.3681	51.0000	739185.462844
6.2604	-0.3274	5.3681	48.0000	739185.462844
6.3769	-0.3274	5.3681	42.0000	739185.462844
6.4927	-0.3274	5.3681	21.0000	739185.462844
6.6090	-0.3274	5.3681	9.0000	739185.462844
6.7252	-0.3274	5.3681	9.0000	739185.462844
6.8415	-0.5496	5.4033	9.0000	739185.462844
6.9578	-1.0681	5.4854	9.0000	739185.462844
7.0740	-1.2904	5.5206	9.0000	739185.462844
7.1905	-1.2904	5.5206	3.0000	739185.462844
7.3067	-1.2904	5.5206	-18.0000	739185.462844
7.4230	-1.2904	5.5206	-39.0000	739185.462844
7.5389	-1.2904	5.5206	-60.0000	739185.462844
7.6552	-1.2904	5.5206	-75.0000	739185.462844
7.7713	-1.3486	5.3033	-75.0000	739185.462844
7.8876	-1.4845	4.7961	-75.0000	739185.462844
8.0039	-1.4845	4.7961	-90.0000	739185.462844
8.1203	-1.4845	4.7961	-108.0000	739185.462844
8.2364	-1.4845	4.7961	-108.0000	739185.462844
8.3527	-1.4613	4.7248	-108.0000	739185.462844
8.4688	-1.4150	4.5822	-108.0000	739185.462844
8.5851	-1.4150	4.5822	-102.0000	739185.462844
8.7014	-1.4150	4.5822	-102.0000	739185.462844
8.8176	-1.4150	4.5822	-102.0000	739185.462844
8.9339	-1.4150	4.5822	-102.0000	739185.462844
9.0499	-1.4150	4.5822	-93.0000	739185.462844
9.1662	-1.4150	4.5822	-87.0000	739185.462844
9.2825	-1.4267	4.3575	-87.0000	739185.462844
9.3988	-1.4542	3.8332	-87.0000	739185.462844
9.5149	-1.4817	3.3089	-87.0000	739185.462844
9.6312	-1.5092	2.7846	-87.0000	739185.462844
9.7474	-1.5366	2.2603	-87.0000	739185.462844
9.8637	-1.5641	1.7361	-87.0000	739185.462844
9.9799	-1.6226	1.3667	-69.0000	739185.462844
10.0962	-1.6226	1.3667	-48.0000	739185.462844
10.2123	-1.6226	1.3667	-27.0000	739185.462844
10.3287	-1.6226	1.3667	-6.0000	739185.462844
10.4449	-1.6226	1.3667	0.0000	739185.462844
10.5611	-1.6226	1.3667	0.0000	739185.462844
10.6774	-1.9226	1.3667	0.0000	739185.462844
10.7936	-2.4476	1.3667	0.0000	739185.462844
10.9099	-2.9726	1.3667	0.0000	739185.462844
11.0261	-3.1976	1.3667	9.0000	739185.462844
11.1424	-3.1976	1.3667	30.0000	739185.462844
11.2586	-3.1976	1.3667	39.0000	739185.462844
11.3748	-3.1976	1.3667	42.0000	739185.462844
11.4911	-3.1976	1.3667	63.0000	739185.462844
11.6074	-3.1976	1.3667	66.0000	739185.462844
11.7236	-3.1976	1.3667	66.0000	739185.462844
11.8397	-3.3807	1.7778	66.0000	739185.462844
11.9559	-3.5942	2.2574	66.0000	739185.462844
12.0722	-3.6552	2.3944	69.0000	739185.462844
12.1885	-3.6552	2.3944	87.0000	739185.462844
12.3047	-3.6552	2.3944	87.0000	739185.462844
12.4209	-3.6552	2.3944	87.0000	739185.462844
12.5372	-3.6552	2.3944	99.0000	739185.462844
12.6538	-3.6552	2.3944	99.0000	739185.462844
12.7697	-3.5848	2.8389	99.0000	739185.462844
12.8859	-3.5027	3.3574	99.0000	739185.462844
13.0021	-3.4675	3.5797	99.0000	739185.462844
13.1185	-3.4675	3.5797	99.0000	739185.462844
13.2348	-3.4675	3.5797	78.0000	739185.462844
13.3511	-3.4675	3.5797	57.0000	739185.462844
13.4672	-3.4675	3.5797	54.0000	739185.462844
13.5835	-3.4675	3.5797	54.0000	739185.462844
13.6996	-3.4675	3.5797	54.0000	739185.462844
13.8155	-3.4675	3.5797	54.0000	739185.462844
13.9317	-3.4675	3.5797	54.0000	739185.462844
14.0485	-3.4675	3.5797	54.0000	739185.462844
14.1644	-3.4675	3.5797	54.0000	739185.462844
14.2805	-3.4675	3.5797	54.0000	739185.462844
14.3967	-3.4675	3.5797	54.0000	739185.462844
14.5130	-3.4675	3.5797	54.0000	739185.462844
14.6292	-3.4675	3.5797	54.0000	739185.462844
14.7455	-3.4675	3.5797	54.0000	739185.462844
14.8618	-3.4675	3.5797	54.0000	739185.462844
14.9779	-3.4675	3.5797	54.0000	739185.462844
15.0941	-3.4675	3.5797	54.0000	739185.462844
15.2104	-3.4675	3.5797	54.0000	739185.462844
15.3268	-3.4675	3.5797	54.0000	739185.462844
15.4429	-3.4675	3.5797	54.0000	739185.462844
15.5592	-3.4675	3.5797	54.0000	739185.462844
15.6753	-3.4675	3.5797	54.0000	739185.462844
15.7915	-3.4675	3.5797	54.0000	739185.462844
15.9077	-3.4675	3.5797	54.0000	739185.462844
16.0245	-3.4675	3.5797	54.0000	739185.462844
16.1403	-3.4675	3.5797	54.0000	739185.462844
16.2566	-3.4675	3.5797	54.0000	739185.462844
16.3728	-3.4675	3.5797	54.0000	739185.462844
16.4890	-3.4675	3.5797	54.0000	739185.462844
16.6055	-3.4675	3.5797	54.0000	739185.462844
16.7215	-3.4675	3.5797	54.0000	739185.462844
16.8376	-3.4675	3.5797	54.0000	739185.462844
16.9540	-3.4675	3.5797	54.0000	739185.462844
17.0702	-3.4675	3.5797	54.0000	739185.462844
17.1867	-3.4675	3.5797	54.0000	739185.462844
17.3028	-3.4675	3.5797	54.0000	739185.462844
17.4190	-3.4675	3.5797	54.0000	739185.462844
17.5352	-3.4675	3.5797	54.0000	739185.462844
17.6513	-3.4675	3.5797	54.0000	739185.462844
17.7677	-3.4675	3.5797	63.0000	739185.462844
17.8839	-3.4675	3.5797	66.0000	739185.462844
18.0001	-3.4675	3.5797	66.0000	739185.462844
18.1164	-3.4675	3.5797	63.0000	739185.462844
18.2325	-3.4675	3.5797	42.0000	739185.462844
18.3488	-3.4675	3.5797	27.0000	739185.462844
18.4654	-3.4675	3.5797	27.0000	739185.462844
18.5813	-3.4675	3.5797	15.0000	739185.462844
18.6975	-3.4675	3.5797	-6.0000	739185.462844
18.8138	-3.4675	3.5797	-6.0000	739185.462844
18.9300	-3.4675	3.5797	-6.0000	739185.462844
19.0463	-3.4675	3.5797	-6.0000	739185.462844
19.1626	-3.4675	3.5797	-6.0000	739185.462844
19.2788	-3.4675	3.5797	-3.0000	739185.462844
19.3952	-3.4675	3.5797	3.0000	739185.462844
19.5112	-3.4675	3.5797	3.0000	739185.462844
19.6282	-3.4675	3.5797	3.0000	739185.462844
19.7437	-3.4675	3.5797	3.0000	739185.462844
19.8600	-3.4675	3.5797	3.0000	739185.462844
19.9763	-3.4675	3.5797	3.0000	739185.462844
20.0924	-3.4675	3.5797	3.0000	739185.462844
20.2086	-3.4675	3.5797	3.0000	739185.462844
20.3249	-3.4675	3.5797	3.0000	739185.462844
20.4414	-3.4675	3.5797	3.0000	739185.462844
20.5574	-3.4675	3.5797	3.0000	739185.462844
20.6736	-3.4675	3.5797	3.0000	739185.462844
20.7898	-3.4675	3.5797	3.0000	739185.462844
20.9060	-3.4675	3.5797	3.0000	739185.462844
21.0226	-3.4675	3.5797	3.0000	739185.462844
21.1385	-3.4675	3.5797	3.0000	739185.462844
21.2547	-3.4675	3.5797	3.0000	739185.462844
21.3711	-3.4675	3.5797	3.0000	739185.462844
21.4873	-3.4675	3.5797	3.0000	739185.462844
21.6035	-3.4675	3.5797	3.0000	739185.462844
21.7198	-3.4675	3.5797	3.0000	739185.462844
21.8359	-3.4675	3.5797	3.0000	739185.462844
21.9522	-3.4675	3.5797	3.0000	739185.462844
22.0684	-3.4675	3.5797	3.0000	739185.462844
22.1847	-3.4675	3.5797	3.0000	739185.462844
22.3011	-3.4675	3.5797	3.0000	739185.462844
22.4172	-3.4675	3.5797	3.0000	739185.462844
22.5334	-3.4675	3.5797	3.0000	739185.462844
22.6496	-3.4675	3.5797	3.0000	739185.462844
22.7659	-3.4675	3.5797	3.0000	739185.462844
22.8822	-3.4675	3.5797	3.0000	739185.462844
22.9987	-3.4675	3.5797	3.0000	739185.462844
23.1146	-3.4675	3.5797	3.0000	739185.462844
23.2309	-3.4675	3.5797	3.0000	739185.462844
23.3471	-3.4675	3.5797	3.0000	739185.462844
23.4633	-3.4675	3.5797	3.0000	739185.462844
23.5799	-3.4675	3.5797	3.0000	739185.462844
23.6958	-3.4675	3.5797	3.0000	739185.462844
23.8121	-3.4675	3.5797	3.0000	739185.462844
23.9282	-3.4675	3.5797	3.0000	739185.462844
24.0445	-3.4675	3.5797	3.0000	739185.462844
24.1609	-3.4675	3.5797	3.0000	739185.462844
24.2771	-3.4675	3.5797	3.0000	739185.462844
24.3932	-3.4675	3.5797	3.0000	739185.462844
24.5095	-3.4675	3.5797	3.0000	739185.462844
24.6257	-3.4675	3.5797	3.0000	739185.462844
24.7419	-3.4675	3.5797	3.0000	739185.462844
24.8582	-3.4675	3.5797	3.0000	739185.462844
24.9584	-3.4675	3.5797	3.0000	739185.462844
25.0742	-3.4675	3.5797	3.0000	739185.462844
25.1903	-3.4675	3.5797	3.0000	739185.462844
25.3066	-3.4675	3.5797	3.0000	739185.462844
25.4067	-3.4675	3.5797	3.0000	739185.462844
25.5229	-3.4675	3.5797	3.0000	739185.462844
25.6390	-3.4675	3.5797	3.0000	739185.462844
25.7556	-3.4675	3.5797	3.0000	739185.462844
25.8714	-3.4675	3.5797	3.0000	739185.462844
25.9877	-3.4675	3.5797	3.0000	739185.462844
26.1041	-3.4675	3.5797	3.0000	739185.462844
26.2202	-3.4675	3.5797	3.0000	739185.462844
26.3365	-3.4675	3.5797	3.0000	739185.462844
26.4527	-3.4675	3.5797	3.0000	739185.462844
26.5688	-3.4675	3.5797	3.0000	739185.462844
26.6851	-3.4675	3.5797	3.0000	739185.462844
26.8013	-3.4675	3.5797	3.0000	739185.462844
26.9176	-3.4675	3.5797	3.0000	739185.462844
27.0338	-3.4675	3.5797	3.0000	739185.462844
27.1500	-3.4675	3.5797	3.0000	739185.462844
27.2663	-3.4675	3.5797	3.0000	739185.462844
27.3826	-3.4675	3.5797	3.0000	739185.462844
27.4991	-3.4675	3.5797	3.0000	739185.462844
27.6150	-3.4675	3.5797	3.0000	739185.462844
27.7312	-3.4675	3.5797	3.0000	739185.462844
27.8474	-3.4675	3.5797	3.0000	739185.462844
27.9637	-3.4675	3.5797	3.0000	739185.462844
28.0800	-3.4675	3.5797	3.0000	739185.462844
28.1963	-3.4675	3.5797	3.0000	739185.462844
28.3128	-3.4675	3.5797	3.0000	739185.462844
28.4287	-3.4675	3.5797	3.0000	739185.462844
28.5452	-3.4675	3.5797	3.0000	739185.462844
28.6611	-3.4675	3.5797	3.0000	739185.462844
28.7774	-3.4675	3.5797	3.0000	739185.462844
28.8936	-3.4675	3.5797	3.0000	739185.462844
29.0099	-3.4675	3.5797	3.0000	739185.462844
29.1261	-3.4675	3.5797	3.0000	739185.462844
29.2424	-3.4675	3.5797	3.0000	739185.462844
29.3586	-3.4675	3.5797	3.0000	739185.462844
29.4748	-3.4675	3.5797	3.0000	739185.462844
29.5911	-3.4675	3.5797	3.0000	739185.462844
29.7075	-3.4675	3.5797	3.0000	739185.462844
29.8236	-3.4675	3.5797	3.0000	739185.462844
29.9397	-3.6173	3.5875	3.0000	739185.462844
30.0561	-4.1416	3.6150	3.0000	739185.462844
30.1723	-4.2913	3.6228	3.0000	739185.462844
30.2886	-4.2913	3.6228	3.0000	739185.462844
30.4048	-4.2913	3.6228	3.0000	739185.462844
30.5210	-4.2913	3.6228	3.0000	739185.462844
30.6372	-4.2913	3.6228	3.0000	739185.462844
30.7535	-4.2913	3.6228	3.0000	739185.462844
30.8699	-4.2913	3.6228	3.0000	739185.462844
30.9859	-4.2913	3.6228	3.0000	739185.462844
31.1022	-4.2913	3.6228	3.0000	739185.462844
31.2184	-4.2913	3.6228	3.0000	739185.462844
31.3344	-4.2913	3.6228	3.0000	739185.462844
31.4508	-4.2913	3.6228	3.0000	739185.462844
31.5668	-4.4411	3.6307	3.0000	739185.462844
31.6830	-4.9654	3.6582	3.0000	739185.462844
31.7993	-5.3399	3.6778	3.0000	739185.462844
31.9156	-5.3399	3.6778	24.0000	739185.462844
32.0317	-5.3399	3.6778	24.0000	739185.462844
32.1481	-5.3399	3.6778	36.0000	739185.462844
32.2642	-5.3399	3.6778	57.0000	739185.462844
32.3805	-5.3399	3.6778	75.0000	739185.462844
32.4968	-5.3399	3.6778	75.0000	739185.462844
32.6129	-5.4758	4.1849	75.0000	739185.462844
32.7292	-5.4952	4.2573	87.0000	739185.462844
32.8455	-5.4952	4.2573	102.0000	739185.462844
32.9618	-5.4952	4.2573	102.0000	739185.462844
33.0781	-5.4952	4.2573	102.0000	739185.462844
33.1942	-5.4952	4.2573	102.0000	739185.462844
33.3104	-5.4952	4.2573	102.0000	739185.462844
33.4271	-5.4952	4.2573	102.0000	739185.462844
33.5429	-5.4952	4.2573	102.0000	739185.462844
33.6592	-5.4952	4.2573	102.0000	739185.462844
33.7754	-5.4952	4.2573	102.0000	739185.462844
33.8915	-5.4952	4.2573	102.0000	739185.462844
34.0083	-5.4952	4.2573	102.0000	739185.462844
34.1241	-5.4952	4.2573	102.0000	739185.462844
34.2403	-5.4952	4.2573	102.0000	739185.462844
34.3566	-5.4952	4.2573	102.0000	739185.462844
34.4728	-5.4952	4.2573	102.0000	739185.462844
34.5891	-5.4952	4.2573	102.0000	739185.462844
34.7052	-5.4952	4.2573	102.0000	739185.462844
34.8216	-5.4952	4.2573	102.0000	739185.462844
34.9377	-5.4952	4.2573	102.0000	739185.462844
35.0541	-5.4952	4.2573	102.0000	739185.462844
35.1703	-5.4952	4.2573	102.0000	739185.462844
35.2865	-5.4952	4.2573	102.0000	739185.462844
35.4027	-5.4952	4.2573	102.0000	739185.462844
35.5190	-5.4952	4.2573	102.0000	739185.462844
35.6353	-5.4952	4.2573	102.0000	739185.462844
35.7515	-5.4952	4.2573	102.0000	739185.462844
35.8677	-5.4952	4.2573	102.0000	739185.462844
35.9840	-5.4952	4.2573	102.0000	739185.462844
36.1002	-5.4952	4.2573	102.0000	739185.462844
36.2164	-5.4952	4.2573	102.0000	739185.462844
36.3327	-5.4952	4.2573	102.0000	739185.462844
36.4488	-5.4952	4.2573	102.0000	739185.462844
36.5654	-5.4952	4.2573	102.0000	739185.462844
36.6814	-5.4952	4.2573	102.0000	739185.462844
36.7976	-5.4952	4.2573	102.0000	739185.462844
36.9140	-5.4952	4.2573	102.0000	739185.462844
37.0300	-5.4952	4.2573	102.0000	739185.462844
37.1466	-5.4952	4.2573	102.0000	739185.462844
37.2625	-5.4952	4.2573	102.0000	739185.462844
37.3788	-5.4952	4.2573	102.0000	739185.462844
37.4950	-5.4952	4.2573	102.0000	739185.462844
37.6112	-5.4952	4.2573	102.0000	739185.462844
37.7275	-5.4952	4.2573	102.0000	739185.462844
37.8437	-5.4952	4.2573	102.0000	739185.462844
37.9600	-5.4952	4.2573	108.0000	739185.462844
38.0762	-5.4952	4.2573	129.0000	739185.462844
38.1925	-5.4952	4.2573	150.0000	739185.462844
38.3087	-5.4952	4.2573	168.0000	739185.462844
38.4248	-5.4952	4.2573	168.0000	739185.462844
38.5412	-5.3485	4.2885	168.0000	739185.462844
38.6574	-4.8350	4.3977	168.0000	739185.462844
38.7736	-4.6882	4.4289	180.0000	739185.462844
38.8899	-4.6882	4.4289	192.0000	739185.462844
39.0061	-4.6882	4.4289	192.0000	739185.462844
39.1229	-4.2481	4.3353	192.0000	739185.462844
39.2385	-3.7345	4.2262	192.0000	739185.462844
39.3549	-3.4411	4.1638	192.0000	739185.462844
39.4711	-3.4411	4.1638	192.0000	739185.462844
39.5874	-3.4411	4.1638	192.0000	739185.462844
39.7037	-3.4411	4.1638	192.0000	739185.462844
39.8198	-3.4411	4.1638	192.0000	739185.462844
39.9362	-3.4411	4.1638	192.0000	739185.462844
40.0524	-3.4411	4.1638	192.0000	739185.462844
40.1685	-3.4411	4.1638	192.0000	739185.462844
40.2848	-3.4411	4.1638	192.0000	739185.462844
40.4010	-3.4411	4.1638	192.0000	739185.462844
40.5173	-3.4411	4.1638	192.0000	739185.462844
40.6335	-3.4411	4.1638	192.0000	739185.462844
40.7497	-3.4411	4.1638	192.0000	739185.462844
40.8659	-3.4411	4.1638	192.0000	739185.462844
40.9822	-3.4411	4.1638	192.0000	739185.462844
41.0984	-3.4411	4.1638	192.0000	739185.462844
41.2147	-3.4411	4.1638	192.0000	739185.462844
41.3309	-3.4411	4.1638	192.0000	739185.462844
41.4471	-3.4411	4.1638	192.0000	739185.462844
41.5634	-3.4411	4.1638	183.0000	739185.462844
41.6798	-3.4411	4.1638	162.0000	739185.462844
41.7959	-3.4411	4.1638	141.0000	739185.462844
41.9121	-3.4411	4.1638	126.0000	739185.462844
42.0283	-3.4411	4.1638	126.0000	739185.462844
42.1446	-3.4411	4.1638	120.0000	739185.462844
42.2611	-3.4411	4.1638	102.0000	739185.462844
42.3770	-3.4411	4.1638	102.0000	739185.462844
42.4933	-3.4411	4.1638	87.0000	739185.462844
42.6096	-3.4411	4.1638	78.0000	739185.462844
42.7257	-3.4411	4.1638	78.0000	739185.462844
42.8421	-3.4411	4.1638	78.0000	739185.462844
42.9582	-3.4411	4.1638	63.0000	739185.462844
43.0745	-3.4411	4.1638	54.0000	739185.462844
43.1908	-3.4411	4.1638	54.0000	739185.462844
43.3069	-3.7024	4.5301	57.0000	739185.462844
43.4232	-3.7024	4.5301	78.0000	739185.462844
43.5395	-3.7024	4.5301	99.0000	739185.462844
43.6395	-3.7024	4.5301	102.0000	739185.462844
43.7554	-3.5932	5.0436	102.0000	739185.462844
43.8555	-3.5308	5.3370	99.0000	739185.462844
43.9715	-3.5308	5.3370	78.0000	739185.462844
44.0877	-3.6598	5.6074	57.0000	739185.462844
44.2039	-3.6598	5.6074	48.0000	739185.462844
44.3203	-3.6598	5.6074	48.0000	739185.462844
44.4368	-3.6598	5.6074	33.0000	739185.462844
44.5528	-3.8056	5.6424	12.0000	739185.462844
44.6693	-4.2477	5.7243	3.0000	739185.462844
44.7852	-4.3226	5.7204	-3.0000	739185.462844
44.9015	-4.8469	5.6929	-3.0000	739185.462844
45.0179	-5.3711	5.6654	-3.0000	739185.462844
45.1340	-5.8955	5.6497	3.0000	739185.462844
45.2502	-5.9701	5.6576	24.0000	739185.462844
45.3664	-6.0789	5.7608	45.0000	739185.462844
0.1157	0.0000	0.0000	45.0000	739185.562069
0.2317	0.0000	0.0000	45.0000	739185.562069
0.3481	0.0000	0.0000	45.0000	739185.562069
0.4642	0.0000	0.0000	45.0000	739185.562069
0.5804	0.0000	0.0000	45.0000	739185.562069
0.6967	0.0000	0.0000	45.0000	739185.562069
0.8129	0.0000	0.0000	45.0000	739185.562069
0.9290	0.0000	0.0000	45.0000	739185.562069
1.0456	0.0000	0.0000	45.0000	739185.562069
1.1615	0.0000	0.0000	45.0000	739185.562069
1.2779	0.0000	0.0000	45.0000	739185.562069
1.3944	0.0000	0.0000	45.0000	739185.562069
1.5103	0.0000	0.0000	45.0000	739185.562069
1.6266	0.0000	0.0000	45.0000	739185.562069
1.7428	0.0000	0.0000	45.0000	739185.562069
1.8590	0.0000	0.0000	45.0000	739185.562069
1.9753	0.0000	0.0000	45.0000	739185.562069
2.0915	0.0000	0.0000	45.0000	739185.562069
2.1918	0.0000	0.0000	45.0000	739185.562069
2.3080	0.0000	0.0000	45.0000	739185.562069
2.4242	0.0000	0.0000	45.0000	739185.562069
2.5404	0.0000	0.0000	45.0000	739185.562069
2.6567	0.0000	0.0000	45.0000	739185.562069
2.7726	0.0000	0.0000	45.0000	739185.562069
2.8888	0.0000	0.0000	45.0000	739185.562069
3.0051	0.0000	0.0000	45.0000	739185.562069
3.1216	0.0000	0.0000	45.0000	739185.562069
3.2379	0.0000	0.0000	45.0000	739185.562069
3.3539	0.0000	0.0000	45.0000	739185.562069
3.4705	0.0000	0.0000	45.0000	739185.562069
3.5862	0.0000	0.0000	45.0000	739185.562069
3.7026	0.0000	0.0000	45.0000	739185.562069
3.8187	0.0000	0.0000	45.0000	739185.562069
3.9350	0.0000	0.0000	45.0000	739185.562069
4.0515	0.0000	0.0000	45.0000	739185.562069
4.1676	0.0000	0.0000	45.0000	739185.562069
4.2840	0.0000	0.0000	45.0000	739185.562069
4.4000	0.0000	0.0000	45.0000	739185.562069
4.5165	0.0000	0.0000	45.0000	739185.562069
4.6329	0.0000	0.0000	45.0000	739185.562069
4.7489	0.0000	0.0000	45.0000	739185.562069
4.8651	0.0000	0.0000	45.0000	739185.562069
4.9812	0.0000	0.0000	45.0000	739185.562069
5.0974	0.0000	0.0000	45.0000	739185.562069
5.2137	0.0000	0.0000	45.0000	739185.562069
5.3299	0.0000	0.0000	45.0000	739185.562069
5.4461	0.0000	0.0000	45.0000	739185.562069
5.5624	0.0000	0.0000	45.0000	739185.562069
5.6787	0.0000	0.0000	45.0000	739185.562069
5.7948	0.0000	0.0000	45.0000	739185.562069
5.9113	0.0000	0.0000	45.0000	739185.562069
6.0273	0.0000	0.0000	45.0000	739185.562069
6.1434	0.0000	0.0000	45.0000	739185.562069
6.2601	0.0000	0.0000	45.0000	739185.562069
6.3759	0.0000	0.0000	45.0000	739185.562069
6.4924	0.0000	0.0000	45.0000	739185.562069
6.6090	0.0000	0.0000	45.0000	739185.562069
6.7250	0.0000	0.0000	45.0000	739185.562069
6.8412	0.0000	0.0000	45.0000	739185.562069
6.9572	0.0000	0.0000	45.0000	739185.562069
7.0737	0.0000	0.0000	45.0000	739185.562069
7.1900	0.0000	0.0000	45.0000	739185.562069
7.3062	0.0000	0.0000	45.0000	739185.562069
7.4221	0.0000	0.0000	45.0000	739185.562069
7.5385	0.0000	0.0000	45.0000	739185.562069
7.6547	0.0000	0.0000	45.0000	739185.562069
7.7712	0.0000	0.0000	45.0000	739185.562069
7.8871	0.0000	0.0000	45.0000	739185.562069
8.0036	0.0000	0.0000	45.0000	739185.562069
8.1198	0.0000	0.0000	45.0000	739185.562069
8.2362	0.0000	0.0000	45.0000	739185.562069
8.3523	0.0000	0.0000	45.0000	739185.562069
8.4685	0.0000	0.0000	45.0000	739185.562069
8.5848	0.0000	0.0000	45.0000	739185.562069
8.7012	0.0000	0.0000	45.0000	739185.562069
8.8174	0.0000	0.0000	45.0000	739185.562069
8.9335	0.0000	0.0000	45.0000	739185.562069
9.0495	0.0000	0.0000	45.0000	739185.562069
9.1660	0.0000	0.0000	45.0000	739185.562069
9.2823	0.0000	0.0000	45.0000	739185.562069
9.3983	0.0000	0.0000	45.0000	739185.562069
9.5148	0.0000	0.0000	45.0000	739185.562069
9.6308	0.0000	0.0000	45.0000	739185.562069
9.7475	0.0000	0.0000	45.0000	739185.562069
9.8633	0.0000	0.0000	45.0000	739185.562069
9.9797	0.0000	0.0000	45.0000	739185.562069
10.0957	0.0000	0.0000	45.0000	739185.562069
10.2120	0.0000	0.0000	45.0000	739185.562069
10.3284	0.0000	0.0000	45.0000	739185.562069
10.4447	0.0000	0.0000	45.0000	739185.562069
10.5609	0.0000	0.0000	45.0000	739185.562069
10.6771	0.0000	0.0000	45.0000	739185.562069
10.7934	0.0000	0.0000	45.0000	739185.562069
10.9095	0.0000	0.0000	45.0000	739185.562069
11.0255	0.0000	0.0000	45.0000	739185.562069
11.1419	0.0000	0.0000	45.0000	739185.562069
11.2583	0.0000	0.0000	45.0000	739185.562069
11.3742	0.0000	0.0000	45.0000	739185.562069
11.4905	0.0000	0.0000	45.0000	739185.562069
11.6068	0.0000	0.0000	45.0000	739185.562069
11.7231	0.0000	0.0000	45.0000	739185.562069
11.8392	0.0000	0.0000	45.0000	739185.562069
11.9556	0.0000	0.0000	45.0000	739185.562069
12.0716	0.0000	0.0000	45.0000	739185.562069
12.1879	0.0000	0.0000	45.0000	739185.562069
12.3041	0.0000	0.0000	45.0000	739185.562069
12.4203	0.0000	0.0000	45.0000	739185.562069
12.5369	0.0000	0.0000	45.0000	739185.562069
12.6529	0.0000	0.0000	45.0000	739185.562069
12.7694	0.0000	0.0000	45.0000	739185.562069
12.8856	0.0000	0.0000	45.0000	739185.562069
13.0016	0.0000	0.0000	45.0000	739185.562069
13.1181	0.0000	0.0000	45.0000	739185.562069
13.2344	0.0000	0.0000	45.0000	739185.562069
13.3507	0.0000	0.0000	45.0000	739185.562069
13.4669	0.0000	0.0000	45.0000	739185.562069
13.5829	0.0000	0.0000	45.0000	739185.562069
13.6991	0.0000	0.0000	45.0000	739185.562069
13.8149	0.0000	0.0000	45.0000	739185.562069
13.9312	0.0000	0.0000	45.0000	739185.562069
14.0475	0.0000	0.0000	45.0000	739185.562069
14.1637	0.0000	0.0000	45.0000	739185.562069
14.2805	0.0000	0.0000	45.0000	739185.562069
14.3961	0.0000	0.0000	45.0000	739185.562069
14.5125	0.0000	0.0000	45.0000	739185.562069
14.6286	0.0000	0.0000	45.0000	739185.562069
14.7449	0.0000	0.0000	45.0000	739185.562069
14.8614	0.0000	0.0000	45.0000	739185.562069
14.9774	0.0000	0.0000	45.0000	739185.562069
15.0938	0.0000	0.0000	45.0000	739185.562069
15.2098	0.0000	0.0000	45.0000	739185.562069
15.3261	0.0000	0.0000	45.0000	739185.562069
15.4424	0.0000	0.0000	45.0000	739185.562069
15.5586	0.0000	0.0000	45.0000	739185.562069
15.6587	0.0000	0.0000	45.0000	739185.562069
15.7745	0.0000	0.0000	45.0000	739185.562069
15.8910	0.0000	0.0000	45.0000	739185.562069
16.0069	0.0000	0.0000	45.0000	739185.562069
16.1231	0.0000	0.0000	45.0000	739185.562069
16.2400	0.0000	0.0000	45.0000	739185.562069
16.3557	0.0000	0.0000	45.0000	739185.562069
16.4719	0.0000	0.0000	45.0000	739185.562069
16.5881	0.0000	0.0000	45.0000	739185.562069
16.7043	0.0000	0.0000	45.0000	739185.562069
16.8206	0.0000	0.0000	45.0000	739185.562069
16.9369	0.0000	0.0000	45.0000	739185.562069
17.0369	0.0000	0.0000	45.0000	739185.562069
17.1527	0.0000	0.0000	45.0000	739185.562069
17.2529	0.0000	0.0000	45.0000	739185.562069
17.3689	0.0000	0.0000	45.0000	739185.562069
17.4852	0.0000	0.0000	45.0000	739185.562069
17.6016	0.0000	0.0000	45.0000	739185.562069
17.7178	0.0000	0.0000	45.0000	739185.562069
17.8339	0.0000	0.0000	45.0000	739185.562069
17.9502	0.0000	0.0000	45.0000	739185.562069
18.0664	0.0000	0.0000	45.0000	739185.562069
18.1828	0.0000	0.0000	45.0000	739185.562069
18.2991	0.0000	0.0000	45.0000	739185.562069
18.4152	0.0000	0.0000	45.0000	739185.562069
18.5314	0.0000	0.0000	45.0000	739185.562069
18.6475	0.0000	0.0000	33.0000	739185.562069
18.7638	0.0000	0.0000	24.0000	739185.562069
18.8800	0.0000	0.0000	24.0000	739185.562069
18.9965	0.0000	0.0000	24.0000	739185.562069
19.1125	0.0000	0.0000	24.0000	739185.562069
19.2287	0.0000	0.0000	24.0000	739185.562069
19.3452	0.0000	0.0000	24.0000	739185.562069
19.4611	0.0000	0.0000	24.0000	739185.562069
19.5779	0.0000	0.0000	24.0000	739185.562069
19.6934	0.0000	0.0000	24.0000	739185.562069
19.8095	0.0000	0.0000	24.0000	739185.562069
19.9258	0.0000	0.0000	24.0000	739185.562069
20.0421	0.0000	0.0000	24.0000	739185.562069
20.1582	0.0000	0.0000	24.0000	739185.562069
20.2746	0.0000	0.0000	24.0000	739185.562069
20.3909	0.0000	0.0000	24.0000	739185.562069
20.5071	0.0000	0.0000	24.0000	739185.562069
20.6232	0.0000	0.0000	24.0000	739185.562069
20.7395	0.0000	0.0000	24.0000	739185.562069
20.8558	0.0000	0.0000	24.0000	739185.562069
20.9721	0.0000	0.0000	24.0000	739185.562069
21.0882	0.0000	0.0000	24.0000	739185.562069
21.2044	0.0000	0.0000	24.0000	739185.562069
21.3207	0.0000	0.0000	24.0000	739185.562069
21.4370	0.0000	0.0000	24.0000	739185.562069
21.5537	0.0000	0.0000	24.0000	739185.562069
21.6693	0.0000	0.0000	24.0000	739185.562069
21.7855	0.0000	0.0000	24.0000	739185.562069
21.9018	0.0000	0.0000	24.0000	739185.562069
22.0180	0.0000	0.0000	24.0000	739185.562069
22.1347	0.0000	0.0000	24.0000	739185.562069
22.2506	0.0000	0.0000	24.0000	739185.562069
22.3668	0.0000	0.0000	24.0000	739185.562069
22.4830	0.0000	0.0000	24.0000	739185.562069
22.5994	0.0000	0.0000	24.0000	739185.562069
22.7157	0.0000	0.0000	24.0000	739185.562069
22.8319	0.0000	0.0000	24.0000	739185.562069
22.9480	0.0000	0.0000	24.0000	739185.562069
23.0643	-0.3426	0.1525	24.0000	739185.562069
23.1804	-0.4796	0.2135	24.0000	739185.562069
23.2968	-0.4796	0.2135	24.0000	739185.562069
23.4130	-0.4796	0.2135	24.0000	739185.562069
23.5292	-0.4796	0.2135	24.0000	739185.562069
23.6455	-0.4796	0.2135	42.0000	739185.562069
23.7617	-0.4796	0.2135	63.0000	739185.562069
23.8780	-0.4796	0.2135	84.0000	739185.562069
23.9943	-0.4796	0.2135	84.0000	739185.562069
24.1108	-0.4796	0.2135	84.0000	739185.562069
24.2267	-0.4796	0.2135	84.0000	739185.562069
24.3429	-0.4796	0.2135	84.0000	739185.562069
24.4592	-0.4796	0.2135	84.0000	739185.562069
24.5754	-0.4796	0.2135	84.0000	739185.562069
24.6920	-0.4796	0.2135	84.0000	739185.562069
24.8078	-0.4796	0.2135	84.0000	739185.562069
24.9241	-0.5188	0.5865	84.0000	739185.562069
25.0404	-0.5188	0.5865	84.0000	739185.562069
25.1566	-0.5188	0.5865	84.0000	739185.562069
25.2729	-0.5188	0.5865	84.0000	739185.562069
25.3891	-0.5188	0.5865	84.0000	739185.562069
25.5052	-0.5188	0.5865	84.0000	739185.562069
25.6215	-0.5188	0.5865	96.0000	739185.562069
25.7378	-0.5188	0.5865	96.0000	739185.562069
25.8540	-0.5188	0.5865	96.0000	739185.562069
25.9702	-0.5188	0.5865	96.0000	739185.562069
26.0704	-0.5188	0.5865	96.0000	739185.562069
26.1860	-0.5188	0.5865	96.0000	739185.562069
26.2861	-0.5188	0.5865	96.0000	739185.562069
26.4022	-0.5188	0.5865	96.0000	739185.562069
26.5184	-0.4718	1.0340	96.0000	739185.562069
26.6351	-0.4169	1.5561	96.0000	739185.562069
26.7509	-0.3620	2.0783	96.0000	739185.562069
26.8672	-0.3071	2.6004	96.0000	739185.562069
26.9835	-0.2523	3.1225	96.0000	739185.562069
27.0997	-0.2796	3.6439	78.0000	739185.562069
27.2160	-0.4566	4.1378	69.0000	739185.562069
27.3322	-0.6447	4.6279	69.0000	739185.562069
27.4485	-0.8328	5.1180	69.0000	739185.562069
27.5646	-0.9135	5.3281	69.0000	739185.562069
27.6807	-0.9135	5.3281	69.0000	739185.562069
27.7972	-0.9135	5.3281	69.0000	739185.562069
27.9134	-0.9135	5.3281	60.0000	739185.562069
28.0296	-0.9135	5.3281	39.0000	739185.562069
28.1458	-0.9135	5.3281	18.0000	739185.562069
28.2621	-0.9135	5.3281	9.0000	739185.562069
28.3784	-1.3579	5.3985	9.0000	739185.562069
28.4946	-1.3579	5.3985	0.0000	739185.562069
28.6109	-1.3579	5.3985	-21.0000	739185.562069
28.7271	-1.3579	5.3985	-42.0000	739185.562069
28.8432	-1.3579	5.3985	-63.0000	739185.562069
28.9594	-1.3579	5.3985	-81.0000	739185.562069
29.0760	-1.4401	4.8800	-81.0000	739185.562069
29.1923	-1.5222	4.3614	-81.0000	739185.562069
29.3082	-1.5574	4.1392	-81.0000	739185.562069
29.4247	-1.5574	4.1392	-81.0000	739185.562069
29.5407	-1.5574	4.1392	-99.0000	739185.562069
29.6569	-1.5574	4.1392	-99.0000	739185.562069
29.7732	-1.5574	4.1392	-99.0000	739185.562069
29.8894	-1.4870	3.6947	-99.0000	739185.562069
30.0058	-1.4049	3.1762	-99.0000	739185.562069
30.1219	-1.3227	2.6577	-99.0000	739185.562069
30.2383	-1.2406	2.1391	-99.0000	739185.562069
30.3545	-1.2406	2.1391	-84.0000	739185.562069
30.4707	-1.2406	2.1391	-75.0000	739185.562069
30.5870	-1.2406	2.1391	-75.0000	739185.562069
30.7032	-1.3183	1.8494	-75.0000	739185.562069
30.8194	-1.3377	1.7769	-75.0000	739185.562069
30.9356	-1.3377	1.7769	-75.0000	739185.562069
31.0517	-1.3765	1.6320	-75.0000	739185.562069
31.1681	-1.4347	1.4147	-75.0000	739185.562069
31.2843	-1.4347	1.4147	-60.0000	739185.562069
31.4004	-1.4347	1.4147	-39.0000	739185.562069
31.5170	-1.4347	1.4147	-39.0000	739185.562069
31.6333	-1.4347	1.4147	-33.0000	739185.562069
31.7496	-1.4347	1.4147	-12.0000	739185.562069
31.8657	-1.4347	1.4147	-3.0000	739185.562069
31.9818	-1.4347	1.4147	-3.0000	739185.562069
32.0980	-1.4347	1.4147	-3.0000	739185.562069
32.2143	-1.4347	1.4147	-3.0000	739185.562069
32.3306	-1.4347	1.4147	-3.0000	739185.562069
32.4467	-1.4347	1.4147	-3.0000	739185.562069
32.5630	-1.4347	1.4147	-3.0000	739185.562069
32.6792	-1.4347	1.4147	-3.0000	739185.562069
32.7954	-1.4347	1.4147	-3.0000	739185.562069
32.9117	-1.4347	1.4147	-3.0000	739185.562069
33.0280	-1.4347	1.4147	-3.0000	739185.562069
33.1443	-1.4347	1.4147	-3.0000	739185.562069
33.2607	-1.4347	1.4147	-3.0000	739185.562069
33.3768	-1.6594	1.4029	-3.0000	739185.562069
33.4928	-2.1837	1.3754	-3.0000	739185.562069
33.6091	-2.7080	1.3480	-3.0000	739185.562069
33.7253	-3.2323	1.3205	-3.0000	739185.562069
33.8415	-3.3821	1.3126	-3.0000	739185.562069
33.9578	-3.3821	1.3126	3.0000	739185.562069
34.0740	-3.3821	1.3126	24.0000	739185.562069
34.1903	-3.3821	1.3126	36.0000	739185.562069
34.3065	-3.3821	1.3126	36.0000	739185.562069
34.4227	-3.3821	1.3126	36.0000	739185.562069
34.5393	-3.3821	1.3126	54.0000	739185.562069
34.6552	-3.3821	1.3126	75.0000	739185.562069
34.7718	-3.3821	1.3126	78.0000	739185.562069
34.8878	-3.3821	1.3126	78.0000	739185.562069
35.0038	-3.3821	1.3126	78.0000	739185.562069
35.1202	-3.3821	1.3126	78.0000	739185.562069
35.2365	-3.3821	1.3126	78.0000	739185.562069
35.3527	-3.3821	1.3126	93.0000	739185.562069
35.4689	-3.3821	1.3126	96.0000	739185.562069
35.5852	-3.3821	1.3126	96.0000	739185.562069
35.7014	-3.3821	1.3126	96.0000	739185.562069
35.8175	-3.3821	1.3126	96.0000	739185.562069
35.9338	-3.3821	1.3126	96.0000	739185.562069
36.0504	-3.3821	1.3126	96.0000	739185.562069
36.1664	-3.3821	1.3126	96.0000	739185.562069
36.2827	-3.3664	1.4618	96.0000	739185.562069
36.3989	-3.3272	1.8348	96.0000	739185.562069
36.5152	-3.3272	1.8348	96.0000	739185.562069
36.6315	-3.3272	1.8348	96.0000	739185.562069
36.7477	-3.2723	2.3569	96.0000	739185.562069
36.8638	-3.2174	2.8790	96.0000	739185.562069
36.9802	-3.1625	3.4011	96.0000	739185.562069
37.0961	-3.1547	3.4757	96.0000	739185.562069
37.2122	-3.1547	3.4757	96.0000	739185.562069
37.3285	-3.1547	3.4757	96.0000	739185.562069
37.4447	-3.1547	3.4757	96.0000	739185.562069
37.5609	-3.1547	3.4757	78.0000	739185.562069
37.6771	-3.1547	3.4757	57.0000	739185.562069
37.7933	-3.1547	3.4757	36.0000	739185.562069
37.9097	-3.1547	3.4757	15.0000	739185.562069
38.0260	-3.1547	3.4757	6.0000	739185.562069
38.1421	-3.1547	3.4757	6.0000	739185.562069
38.2583	-3.1547	3.4757	6.0000	739185.562069
38.3745	-3.1547	3.4757	6.0000	739185.562069
38.4908	-3.5277	3.5149	6.0000	739185.562069
38.6071	-4.0498	3.5698	6.0000	739185.562069
38.7232	-4.5719	3.6247	6.0000	739185.562069
38.8395	-5.0940	3.6795	6.0000	739185.562069
38.9560	-5.6162	3.7344	6.0000	739185.562069
39.0720	-5.6162	3.7344	6.0000	739185.562069
39.1882	-5.6162	3.7344	6.0000	739185.562069
39.3045	-5.6162	3.7344	6.0000	739185.562069
39.4207	-5.6162	3.7344	15.0000	739185.562069
39.5372	-5.6162	3.7344	36.0000	739185.562069
39.6533	-5.6162	3.7344	54.0000	739185.562069
39.7694	-5.6162	3.7344	54.0000	739185.562069
39.8857	-5.6162	3.7344	54.0000	739185.562069
40.0019	-5.6162	3.7344	54.0000	739185.562069
40.1182	-5.6162	3.7344	54.0000	739185.562069
40.2344	-5.6162	3.7344	54.0000	739185.562069
40.3506	-5.6162	3.7344	54.0000	739185.562069
40.4669	-5.6162	3.7344	54.0000	739185.562069
40.5831	-5.6162	3.7344	54.0000	739185.562069
40.6993	-5.6162	3.7344	54.0000	739185.562069
40.8156	-5.6162	3.7344	54.0000	739185.562069
40.9318	-5.6162	3.7344	54.0000	739185.562069
41.0482	-5.6162	3.7344	72.0000	739185.562069
41.1643	-5.6162	3.7344	93.0000	739185.562069
41.2805	-5.6162	3.7344	102.0000	739185.562069
41.3968	-5.6162	3.7344	102.0000	739185.562069
41.5133	-5.6162	3.7344	102.0000	739185.562069
41.6293	-5.6162	3.7344	102.0000	739185.562069
41.7455	-5.6162	3.7344	102.0000	739185.562069
41.8617	-5.5538	4.0279	102.0000	739185.562069
41.9779	-5.4446	4.5414	102.0000	739185.562069
42.0945	-5.4134	4.6881	102.0000	739185.562069
42.2106	-5.4134	4.6881	117.0000	739185.562069
42.3268	-5.4134	4.6881	138.0000	739185.562069
42.4429	-5.4134	4.6881	159.0000	739185.562069
42.5592	-5.4134	4.6881	159.0000	739185.562069
42.6754	-4.9933	4.8494	159.0000	739185.562069
42.7916	-4.9933	4.8494	159.0000	739185.562069
42.9079	-4.9933	4.8494	159.0000	739185.562069
43.0242	-4.9933	4.8494	180.0000	739185.562069
43.1404	-4.9933	4.8494	189.0000	739185.562069
43.2566	-4.6970	4.8025	189.0000	739185.562069
43.3728	-4.1785	4.7203	189.0000	739185.562069
43.4891	-3.6599	4.6382	189.0000	739185.562069
43.6054	-3.5859	4.6265	189.0000	739185.562069
43.7215	-3.5859	4.6265	168.0000	739185.562069
43.8378	-3.5859	4.6265	147.0000	739185.562069
43.9540	-3.5859	4.6265	126.0000	739185.562069
44.0706	-3.3655	4.9298	126.0000	739185.562069
44.1866	-3.1450	5.2332	126.0000	739185.562069
44.3030	-3.1450	5.2332	105.0000	739185.562069
44.4189	-3.1450	5.2332	84.0000	739185.562069
44.5353	-3.1450	5.2332	63.0000	739185.562069
44.6516	-3.1450	5.2332	42.0000	739185.562069
44.7677	-3.1450	5.2332	21.0000	739185.562069
44.8840	-3.2932	5.2567	9.0000	739185.562069
45.0001	-3.8117	5.3388	9.0000	739185.562069
45.1165	-4.3303	5.4209	9.0000	739185.562069
45.2326	-4.4784	5.4444	9.0000	739185.562069
45.3488	-4.4784	5.4444	9.0000	739185.562069
45.4651	-4.4784	5.4444	0.0000	739185.562069
45.5814	-4.4784	5.4444	-3.0000	739185.562069
45.6976	-4.4784	5.4444	-3.0000	739185.562069
45.8139	-4.4784	5.4444	-3.0000	739185.562069
45.9301	-4.4784	5.4444	-3.0000	739185.562069
46.0464	-4.4784	5.4444	-3.0000	739185.562069
46.1627	-4.4784	5.4444	-3.0000	739185.562069
46.2789	-4.4784	5.4444	9.0000	739185.562069
46.3950	-4.4784	5.4444	9.0000	739185.562069
46.5113	-4.9229	5.5148	9.0000	739185.562069
46.6278	-5.4414	5.5969	9.0000	739185.562069
46.7438	-5.5155	5.6087	18.0000	739185.562069
46.8600	-5.5155	5.6087	30.0000	739185.562069
46.9762	-5.5155	5.6087	30.0000	739185.562069
47.0925	-5.5155	5.6087	30.0000	739185.562069
47.2090	-5.9701	5.8712	30.0000	739185.562069
