T	X	Y	HEADING	NOW_NUM
0.1032	0.0000	0.0000	45.0000	739191.414779
0.2188	0.0000	0.0000	45.0000	739191.414779
0.3353	0.0000	0.0000	45.0000	739191.414779
0.4515	0.0000	0.0000	45.0000	739191.414779
0.5677	0.0000	0.0000	45.0000	739191.414779
0.6840	0.0000	0.0000	45.0000	739191.414779
0.8000	0.0000	0.0000	45.0000	739191.414779
0.9163	0.0000	0.0000	45.0000	739191.414779
1.0326	0.0000	0.0000	45.0000	739191.414779
1.1488	0.0000	0.0000	45.0000	739191.414779
1.2651	0.0000	0.0000	45.0000	739191.414779
1.3811	0.0000	0.0000	45.0000	739191.414779
1.4976	0.0000	0.0000	45.0000	739191.414779
1.6137	0.0000	0.0000	45.0000	739191.414779
1.7300	0.0000	0.0000	36.0000	739191.414779
1.8463	0.0000	0.0000	15.0000	739191.414779
1.9625	0.0000	0.0000	-6.0000	739191.414779
2.0788	0.0000	0.0000	-12.0000	739191.414779
2.1949	0.0000	0.0000	-12.0000	739191.414779
2.3113	0.0000	0.0000	-12.0000	739191.414779
2.4275	0.0000	0.0000	0.0000	739191.414779
2.5438	0.0000	0.0000	21.0000	739191.414779
2.6600	0.0000	0.0000	39.0000	739191.414779
2.7761	-0.2331	0.1888	39.0000	739191.414779
2.8924	-0.6411	0.5192	39.0000	739191.414779
3.0086	-1.0491	0.8496	39.0000	739191.414779
3.1250	-1.4571	1.1800	39.0000	739191.414779
3.2411	-1.8652	1.5104	39.0000	739191.414779
3.3574	-1.8652	1.5104	39.0000	739191.414779
3.4736	-1.8652	1.5104	30.0000	739191.414779
3.5899	-1.8652	1.5104	9.0000	739191.414779
3.7063	-1.8652	1.5104	3.0000	739191.414779
3.8223	-1.8652	1.5104	6.0000	739191.414779
3.9386	-1.8652	1.5104	27.0000	739191.414779
4.0547	-1.8652	1.5104	27.0000	739191.414779
4.1710	-1.8652	1.5104	27.0000	739191.414779
4.2874	-1.8652	1.5104	27.0000	739191.414779
4.4035	-1.8652	1.5104	27.0000	739191.414779
4.5197	-1.8652	1.5104	27.0000	739191.414779
4.6360	-2.1993	1.6806	27.0000	739191.414779
4.7522	-2.6671	1.9190	27.0000	739191.414779
4.8684	-3.1348	2.1573	27.0000	739191.414779
4.9847	-3.3963	2.3038	42.0000	739191.414779
5.1010	-3.3963	2.3038	63.0000	739191.414779
5.2171	-3.3963	2.3038	84.0000	739191.414779
5.3335	-3.3963	2.3038	105.0000	739191.414779
5.4496	-3.3963	2.3038	123.0000	739191.414779
5.5659	-3.3963	2.3038	123.0000	739191.414779
5.6822	-3.3963	2.3038	123.0000	739191.414779
5.7983	-3.3963	2.3038	123.0000	739191.414779
5.9146	-3.3963	2.3038	123.0000	739191.414779
6.0308	-3.3963	2.3038	123.0000	739191.414779
6.1470	-3.3963	2.3038	123.0000	739191.414779
6.2633	-3.3963	2.3038	123.0000	739191.414779
6.3797	-3.3963	2.3038	123.0000	739191.414779
6.4959	-3.3963	2.3038	123.0000	739191.414779
6.6121	-3.3963	2.3038	135.0000	739191.414779
6.7283	-3.3963	2.3038	156.0000	739191.414779
6.8447	-3.3963	2.3038	177.0000	739191.414779
6.9608	-3.3963	2.3038	189.0000	739191.414779
7.0770	-3.3963	2.3038	189.0000	739191.414779
7.1932	-3.3963	2.3038	189.0000	739191.414779
7.3095	-3.3963	2.3038	189.0000	739191.414779
7.4257	-3.3963	2.3038	189.0000	739191.414779
7.5419	-3.3963	2.3038	183.0000	739191.414779
7.6581	-3.3963	2.3038	165.0000	739191.414779
7.7745	-3.3963	2.3038	165.0000	739191.414779
7.8908	-3.2514	2.3426	165.0000	739191.414779
8.0069	-2.7443	2.4785	165.0000	739191.414779
8.1233	-2.2372	2.6143	165.0000	739191.414779
8.2394	-1.7301	2.7502	165.0000	739191.414779
8.3557	-1.2230	2.8861	165.0000	739191.414779
8.4718	-0.7159	3.0220	165.0000	739191.414779
8.5882	-0.5060	3.1025	144.0000	739191.414779
8.7043	-0.5060	3.1025	123.0000	739191.414779
8.8207	-0.5060	3.1025	102.0000	739191.414779
8.9369	-0.5060	3.1025	81.0000	739191.414779
9.0531	-0.5060	3.1025	81.0000	739191.414779
9.1693	-0.5060	3.1025	81.0000	739191.414779
9.2855	-0.5060	3.1025	66.0000	739191.414779
9.4021	-0.5060	3.1025	57.0000	739191.414779
9.5181	-0.5060	3.1025	57.0000	739191.414779
9.6342	-0.5060	3.1025	69.0000	739191.414779
9.7506	-0.5060	3.1025	90.0000	739191.414779
9.8667	-0.5060	3.1025	90.0000	739191.414779
9.9833	-0.5060	3.1025	93.0000	739191.414779
10.0993	-0.5060	3.1025	111.0000	739191.414779
10.2154	-0.5060	3.1025	111.0000	739191.414779
10.3317	-0.3179	3.5927	111.0000	739191.414779
10.4479	-0.1297	4.0828	111.0000	739191.414779
10.5643	-0.1297	4.0828	111.0000	739191.414779
10.6805	-0.1297	4.0828	105.0000	739191.414779
10.7966	-0.1297	4.0828	84.0000	739191.414779
10.9129	-0.1297	4.0828	72.0000	739191.414779
11.0291	-0.1297	4.0828	72.0000	739191.414779
11.1454	-0.2456	4.4394	72.0000	739191.414779
11.2616	-0.4079	4.9387	72.0000	739191.414779
11.3778	-0.5701	5.4380	72.0000	739191.414779
11.4940	-0.6665	5.7221	60.0000	739191.414779
11.6105	-0.6665	5.7221	39.0000	739191.414779
11.7266	-0.6665	5.7221	18.0000	739191.414779
11.8429	-0.6665	5.7221	-3.0000	739191.414779
11.9592	-0.6665	5.7221	-6.0000	739191.414779
12.0753	-0.6665	5.7221	-6.0000	739191.414779
12.1915	-0.6665	5.7221	-6.0000	739191.414779
12.3078	-0.6665	5.7221	-6.0000	739191.414779
12.4240	-1.1886	5.6672	-6.0000	739191.414779
12.5403	-1.7107	5.6123	-6.0000	739191.414779
12.6565	-2.2329	5.5574	-6.0000	739191.414779
12.7727	-2.7550	5.5025	-6.0000	739191.414779
12.8891	-3.2771	5.4477	-6.0000	739191.414779
13.0052	-3.7992	5.3928	-6.0000	739191.414779
13.1214	-4.3221	5.3497	0.0000	739191.414779
13.2378	-4.5456	5.3732	21.0000	739191.414779
13.3539	-4.5456	5.3732	42.0000	739191.414779
13.4702	-4.5456	5.3732	48.0000	739191.414779
13.5864	-4.5456	5.3732	48.0000	739191.414779
13.7027	-4.5456	5.3732	45.0000	739191.414779
13.8189	-4.5456	5.3732	24.0000	739191.414779
13.9351	-4.5456	5.3732	18.0000	739191.414779
14.0513	-4.5456	5.3732	18.0000	739191.414779
14.1675	-4.8310	5.4659	18.0000	739191.414779
14.2840	-5.3303	5.6281	18.0000	739191.414779
14.4000	-5.8296	5.7903	18.0000	739191.414779
14.5164	-6.1862	5.9062	18.0000	739191.414779
14.6326	-6.1862	5.9062	18.0000	739191.414779
14.7488	-6.1862	5.9062	18.0000	739191.414779
14.8651	-6.1862	5.9062	18.0000	739191.414779
14.9813	-6.1862	5.9062	18.0000	739191.414779
15.0976	-6.2562	5.9331	24.0000	739191.414779
15.2138	-6.2562	5.9331	42.0000	739191.414779
15.3300	-6.2562	5.9331	42.0000	739191.414779
15.4462	-6.2562	5.9331	42.0000	739191.414779
15.5625	-6.2562	5.9331	42.0000	739191.414779
15.6787	-6.2562	5.9331	42.0000	739191.414779
15.7949	-6.2562	5.9331	57.0000	739191.414779
15.9112	-6.2562	5.9331	72.0000	739191.414779
16.0274	-6.2562	5.9331	75.0000	739191.414779
16.1437	-6.2562	5.9331	96.0000	739191.414779
16.2598	-6.2562	5.9331	96.0000	739191.414779
16.3762	-6.2484	6.0077	96.0000	739191.414779
0.1062	0.0000	0.0000	45.0000	739192.866934
0.2231	0.0000	0.0000	45.0000	739192.866934
0.3392	0.0000	0.0000	45.0000	739192.866934
0.4393	0.0000	0.0000	45.0000	739192.866934
0.5558	-0.1591	0.1591	45.0000	739192.866934
0.6561	-0.4773	0.4773	45.0000	739192.866934
0.7562	-0.7955	0.7955	45.0000	739192.866934
0.8724	-1.2041	1.1214	30.0000	739192.866934
0.9726	-1.6266	1.2710	12.0000	739192.866934
1.0727	-2.0668	1.3646	12.0000	739192.866934
1.1734	-2.5069	1.4581	12.0000	739192.866934
1.2761	-2.9294	1.6077	27.0000	739192.866934
1.3895	-3.3352	1.9363	48.0000	739192.866934
1.5063	-3.5963	2.3885	69.0000	739192.866934
1.6223	-3.6779	2.9042	90.0000	739192.866934
1.7229	-3.6348	3.3520	96.0000	739192.866934
1.8397	-3.6544	3.7255	75.0000	739192.866934
1.9559	-3.6544	3.7255	54.0000	739192.866934
2.0560	-3.6544	3.7255	36.0000	739192.866934
2.1738	-3.6544	3.7255	15.0000	739192.866934
2.2752	-3.6544	3.7255	-3.0000	739192.866934
2.3763	-3.6544	3.7255	-21.0000	739192.866934
2.4895	-3.8993	3.5524	-36.0000	739192.866934
2.6057	-4.3241	3.2438	-36.0000	739192.866934
2.7058	-4.6808	2.9701	-42.0000	739192.866934
2.8222	-4.7338	2.9170	-63.0000	739192.866934
2.9224	-4.7338	2.9170	-81.0000	739192.866934
3.0236	-4.7338	2.9170	-96.0000	739192.866934
3.1396	-4.7338	2.9170	-75.0000	739192.866934
3.2399	-4.7338	2.9170	-57.0000	739192.866934
3.3553	-4.9542	2.6137	-54.0000	739192.866934
3.4557	-5.2187	2.2496	-54.0000	739192.866934
3.5557	-5.4117	1.8451	-72.0000	739192.866934
3.6561	-5.4702	1.4007	-90.0000	739192.866934
3.7561	-5.3923	0.9589	-105.0000	739192.866934
3.8724	-5.2564	0.4518	-105.0000	739192.866934
3.9728	-5.1564	0.1695	-120.0000	739192.866934
4.0887	-5.1564	0.1695	-141.0000	739192.866934
4.1887	-5.1564	0.1695	-159.0000	739192.866934
4.2890	-5.1564	0.1695	-177.0000	739192.866934
4.4026	-5.1564	0.1695	-192.0000	739192.866934
4.5057	-5.0831	0.1851	-192.0000	739192.866934
4.6218	-4.7926	0.2588	-207.0000	739192.866934
4.7239	-4.7926	0.2588	-225.0000	739192.866934
4.8293	-4.7926	0.2588	-243.0000	739192.866934
4.9430	-4.7926	0.2588	-264.0000	739192.866934
5.0568	-4.7926	0.2588	-285.0000	739192.866934
5.1581	-4.7926	0.2588	-303.0000	739192.866934
5.2623	-4.7926	0.2588	-309.0000	739192.866934
5.3663	-4.7926	0.2588	-309.0000	739192.866934
5.4826	-4.9814	0.4920	-309.0000	739192.866934
5.6003	-5.3118	0.9000	-309.0000	739192.866934
5.7147	-5.3118	0.9000	-288.0000	739192.866934
5.8317	-5.3118	0.9000	-267.0000	739192.866934
5.9356	-5.2921	1.2745	-267.0000	739192.866934
6.0380	-5.2686	1.7238	-267.0000	739192.866934
6.1423	-5.2450	2.1732	-267.0000	739192.866934
6.2568	-5.2176	2.6975	-267.0000	739192.866934
6.3716	-5.1901	3.2218	-267.0000	739192.866934
6.4719	-5.1665	3.6712	-267.0000	739192.866934
6.5897	-5.1391	4.1955	-267.0000	739192.866934
6.7049	-5.1312	4.2700	-246.0000	739192.866934
6.8051	-5.1312	4.2700	-228.0000	739192.866934
6.9058	-5.1312	4.2700	-210.0000	739192.866934
7.0212	-5.1312	4.2700	-189.0000	739192.866934
7.1245	-4.7567	4.2897	-183.0000	739192.866934
7.2405	-4.2324	4.3171	-183.0000	739192.866934
7.3570	-3.7082	4.3446	-183.0000	739192.866934
7.4721	-3.1839	4.3721	-183.0000	739192.866934
7.5766	-2.7345	4.3956	-183.0000	739192.866934
7.6778	-2.2850	4.4153	-180.0000	739192.866934
7.7888	-1.7743	4.3067	-159.0000	739192.866934
7.9044	-1.3364	4.0223	-138.0000	739192.866934
8.0047	-1.0636	3.6668	-120.0000	739192.866934
8.1211	-0.8465	3.1888	-114.0000	739192.866934
8.2377	-0.8160	3.1203	-132.0000	739192.866934
8.3395	-0.8160	3.1203	-150.0000	739192.866934
8.4546	-0.8160	3.1203	-171.0000	739192.866934
8.5708	-0.8160	3.1203	-192.0000	739192.866934
8.6731	-0.8160	3.1203	-210.0000	739192.866934
8.7876	-0.8160	3.1203	-231.0000	739192.866934
8.9042	-0.8160	3.1203	-252.0000	739192.866934
9.0044	-0.8160	3.1203	-252.0000	739192.866934
9.1207	-0.8160	3.1203	-252.0000	739192.866934
9.2375	-0.8160	3.1203	-252.0000	739192.866934
9.3379	-0.8160	3.1203	-252.0000	739192.866934
9.4539	-0.8160	3.1203	-252.0000	739192.866934
9.5540	-0.7464	3.3343	-252.0000	739192.866934
9.6705	-0.5956	3.8368	-258.0000	739192.866934
9.7876	-0.5956	4.3589	-279.0000	739192.866934
9.8881	-0.6891	4.7991	-282.0000	739192.866934
9.9894	-0.7827	5.2392	-282.0000	739192.866934
10.1040	-0.9294	5.7416	-294.0000	739192.866934
10.2213	-1.0010	5.8734	-315.0000	739192.866934
10.3377	-1.0010	5.8734	-336.0000	739192.866934
10.4542	-1.0010	5.8734	-357.0000	739192.866934
10.5548	-1.1468	5.8384	-375.0000	739192.866934
10.6708	-1.6539	5.7025	-375.0000	739192.866934
10.7872	-2.1610	5.5666	-375.0000	739192.866934
10.8873	-2.5957	5.4502	-375.0000	739192.866934
11.0045	-3.1075	5.3374	-366.0000	739192.866934
11.1207	-3.6296	5.2825	-366.0000	739192.866934
11.2212	-4.0771	5.2354	-366.0000	739192.866934
11.3375	-4.5996	5.1845	-363.0000	739192.866934
11.4538	-5.1153	5.2662	-342.0000	739192.866934
11.5706	-5.5674	5.5272	-321.0000	739192.866934
11.6871	-5.8960	5.9330	-300.0000	739192.866934
