T	X	Y	HEADING	NOW_NUM
0.1023	0.0000	0.0000	45.0000	739192.561160
0.2185	0.0000	0.0000	45.0000	739192.561160
0.3348	0.0000	0.0000	45.0000	739192.561160
0.4505	0.0000	0.0000	45.0000	739192.561160
0.5666	0.0000	0.0000	45.0000	739192.561160
0.6829	0.0000	0.0000	45.0000	739192.561160
0.7987	0.0000	0.0000	45.0000	739192.561160
0.9148	0.0000	0.0000	45.0000	739192.561160
1.0308	-0.3182	0.3182	45.0000	739192.561160
1.1470	-0.6894	0.6894	45.0000	739192.561160
1.2630	-0.7868	0.8035	66.0000	739192.561160
1.3789	-0.7868	0.8035	78.0000	739192.561160
1.4950	-0.7868	0.8035	78.0000	739192.561160
1.6113	-0.7868	0.8035	78.0000	739192.561160
1.7273	-0.7868	0.8035	87.0000	739192.561160
1.8432	-0.7868	0.8035	87.0000	739192.561160
1.9593	-0.7868	0.8035	87.0000	739192.561160
2.0754	-0.7868	0.8035	87.0000	739192.561160
2.1915	-0.7868	0.8035	87.0000	739192.561160
2.3074	-0.7593	0.2792	87.0000	739192.561160
2.4238	-0.7515	0.1294	87.0000	739192.561160
2.5394	-0.7515	0.1294	78.0000	739192.561160
2.6555	-0.7515	0.1294	57.0000	739192.561160
2.7716	-0.7515	0.1294	36.0000	739192.561160
2.8877	-0.7515	0.1294	15.0000	739192.561160
3.0037	-0.7515	0.1294	-6.0000	739192.561160
3.1197	-0.7515	0.1294	-21.0000	739192.561160
3.2359	-0.7515	0.1294	-15.0000	739192.561160
3.3521	-0.7515	0.1294	6.0000	739192.561160
3.4680	-0.7515	0.1294	27.0000	739192.561160
3.5841	-0.7515	0.1294	48.0000	739192.561160
3.7001	-0.8640	0.3242	60.0000	739192.561160
3.8171	-1.1265	0.7789	60.0000	739192.561160
3.9321	-1.3890	1.2336	60.0000	739192.561160
4.0482	-1.6515	1.6882	60.0000	739192.561160
4.1644	-1.8390	2.0130	60.0000	739192.561160
4.2803	-1.8390	2.0130	81.0000	739192.561160
4.3964	-1.8390	2.0130	81.0000	739192.561160
4.5124	-1.8390	2.0130	81.0000	739192.561160
4.6285	-1.8507	2.0871	81.0000	739192.561160
4.7456	-1.9328	2.6056	81.0000	739192.561160
4.8608	-1.9328	2.6056	60.0000	739192.561160
4.9769	-1.9328	2.6056	39.0000	739192.561160
5.0927	-1.9328	2.6056	18.0000	739192.561160
5.2088	-1.9328	2.6056	-3.0000	739192.561160
5.3249	-2.2292	2.5587	-9.0000	739192.561160
5.4413	-2.7477	2.4765	-9.0000	739192.561160
5.5570	-3.2662	2.3944	-9.0000	739192.561160
5.6730	-3.7848	2.3123	-9.0000	739192.561160
5.7890	-4.3038	2.2340	-6.0000	739192.561160
5.9051	-4.8231	2.2886	15.0000	739192.561160
6.0212	-5.3291	2.4283	18.0000	739192.561160
6.1373	-5.5994	2.5572	39.0000	739192.561160
6.2534	-5.5994	2.5572	60.0000	739192.561160
6.3691	-5.6226	2.6285	72.0000	739192.561160
6.4853	-5.7616	3.0565	72.0000	739192.561160
6.6013	-5.7616	3.0565	75.0000	739192.561160
6.7174	-5.7616	3.0565	96.0000	739192.561160
6.8334	-5.7616	3.0565	117.0000	739192.561160
6.9495	-5.7616	3.0565	138.0000	739192.561160
7.0656	-5.7616	3.0565	159.0000	739192.561160
7.1816	-5.7616	3.0565	180.0000	739192.561160
7.2992	-5.7616	3.0565	201.0000	739192.561160
7.4137	-5.4451	2.8556	213.0000	739192.561160
7.5299	-5.0027	2.5730	210.0000	739192.561160
7.6458	-4.8674	2.5085	189.0000	739192.561160
7.7620	-4.8674	2.5085	168.0000	739192.561160
7.8782	-4.8674	2.5085	147.0000	739192.561160
7.9942	-4.8674	2.5085	147.0000	739192.561160
8.1101	-4.8674	2.5085	168.0000	739192.561160
8.2262	-4.6436	2.5320	174.0000	739192.561160
8.3423	-4.1215	2.5869	174.0000	739192.561160
8.4583	-3.5994	2.6417	174.0000	739192.561160
8.5743	-3.0772	2.6966	174.0000	739192.561160
8.6903	-2.5623	2.7901	162.0000	739192.561160
8.8063	-2.2290	2.9598	141.0000	739192.561160
8.9228	-2.2290	2.9598	120.0000	739192.561160
9.0385	-2.2134	3.0332	102.0000	739192.561160
9.1545	-2.1043	3.5467	102.0000	739192.561160
9.2710	-2.0419	3.8402	105.0000	739192.561160
9.3870	-2.0419	3.8402	126.0000	739192.561160
9.5027	-2.0419	3.8402	129.0000	739192.561160
9.6190	-2.0419	3.8402	129.0000	739192.561160
9.7349	-2.0891	3.7819	129.0000	739192.561160
9.8509	-2.4195	3.3739	129.0000	739192.561160
9.9670	-2.4540	3.3007	147.0000	739192.561160
10.0830	-1.9993	3.5632	150.0000	739192.561160
10.1991	-1.6766	3.7541	141.0000	739192.561160
10.3153	-1.6264	3.8098	120.0000	739192.561160
10.4313	-1.6264	3.8098	99.0000	739192.561160
10.5471	-1.6655	4.1817	78.0000	739192.561160
10.6635	-1.8014	4.6888	75.0000	739192.561160
10.7797	-1.9373	5.1959	75.0000	739192.561160
10.8800	-1.9723	5.3417	87.0000	739192.561160
10.9948	-1.9723	5.3417	66.0000	739192.561160
11.1110	-1.9723	5.3417	45.0000	739192.561160
11.2276	-1.9723	5.3417	24.0000	739192.561160
11.3430	-1.9723	5.3417	15.0000	739192.561160
11.4592	-1.9723	5.3417	15.0000	739192.561160
11.5754	-1.9723	5.3417	36.0000	739192.561160
11.6913	-1.9723	5.3417	57.0000	739192.561160
11.8078	-1.9723	5.3417	78.0000	739192.561160
11.9233	-1.9723	5.3417	99.0000	739192.561160
12.0396	-1.9723	5.3417	120.0000	739192.561160
12.1554	-1.9723	5.3417	141.0000	739192.561160
12.2714	-1.9723	5.3417	159.0000	739192.561160
12.3878	-1.9723	5.3417	159.0000	739192.561160
12.5036	-1.9723	5.3417	159.0000	739192.561160
12.6199	-1.9723	5.3417	159.0000	739192.561160
12.7355	-1.9723	5.3417	159.0000	739192.561160
12.8517	-1.9723	5.3417	171.0000	739192.561160
12.9679	-1.8241	5.3652	171.0000	739192.561160
13.0840	-1.3056	5.4473	171.0000	739192.561160
13.2005	-0.7871	5.5295	171.0000	739192.561160
13.3159	-0.7871	5.5295	171.0000	739192.561160
13.4320	-0.7871	5.5295	153.0000	739192.561160
13.5482	-0.7871	5.5295	132.0000	739192.561160
13.6641	-0.7871	5.5295	132.0000	739192.561160
13.7801	-0.7871	5.5295	132.0000	739192.561160
13.8966	-0.7871	5.5295	132.0000	739192.561160
14.0123	-0.7871	5.5295	132.0000	739192.561160
14.1284	-0.7871	5.5295	132.0000	739192.561160
14.2444	-0.7871	5.5295	132.0000	739192.561160
14.3610	-0.7871	5.5295	132.0000	739192.561160
14.4765	-0.7871	5.5295	132.0000	739192.561160
14.5929	-0.7871	5.5295	132.0000	739192.561160
14.7087	-0.7871	5.5295	132.0000	739192.561160
14.8248	-0.7871	5.5295	132.0000	739192.561160
14.9408	-0.7871	5.5295	132.0000	739192.561160
15.0568	-0.7871	5.5295	132.0000	739192.561160
15.1728	-1.0882	5.1950	132.0000	739192.561160
15.2889	-1.1384	5.1393	132.0000	739192.561160
15.4050	-1.1384	5.1393	132.0000	739192.561160
15.5210	-1.1384	5.1393	132.0000	739192.561160
15.6371	-1.1384	5.1393	132.0000	739192.561160
15.7531	-1.1384	5.1393	150.0000	739192.561160
15.8691	-1.1384	5.1393	171.0000	739192.561160
15.9852	-1.1384	5.1393	192.0000	739192.561160
16.1014	-1.1384	5.1393	204.0000	739192.561160
16.2174	-1.1384	5.1393	204.0000	739192.561160
16.3332	-1.1384	5.1393	204.0000	739192.561160
16.4498	-1.1384	5.1393	204.0000	739192.561160
16.5657	-1.1384	5.1393	204.0000	739192.561160
16.6815	-1.1384	5.1393	204.0000	739192.561160
16.7976	-1.4124	5.2613	204.0000	739192.561160
16.9140	-1.8920	5.4749	204.0000	739192.561160
17.0296	-2.3716	5.6884	204.0000	739192.561160
17.1457	-2.3716	5.6884	204.0000	739192.561160
17.2618	-2.3716	5.6884	204.0000	739192.561160
17.3778	-2.3716	5.6884	204.0000	739192.561160
17.4942	-2.3716	5.6884	204.0000	739192.561160
17.6104	-2.3716	5.6884	204.0000	739192.561160
17.7261	-2.3716	5.6884	204.0000	739192.561160
17.8268	-2.3716	5.6884	216.0000	739192.561160
17.9425	-2.3716	5.6884	237.0000	739192.561160
18.0575	-2.3716	5.6884	255.0000	739192.561160
18.1739	-2.3716	5.6884	255.0000	739192.561160
18.2898	-2.3716	5.6884	255.0000	739192.561160
18.4058	-2.3716	5.6884	255.0000	739192.561160
18.5220	-2.3716	5.6884	267.0000	739192.561160
18.6381	-2.3716	5.6884	288.0000	739192.561160
18.7540	-2.3716	5.6884	297.0000	739192.561160
18.8700	-2.3716	5.6884	297.0000	739192.561160
18.9860	-2.5759	5.2875	297.0000	739192.561160
19.1023	-2.8143	4.8197	297.0000	739192.561160
19.2181	-2.8483	4.7528	282.0000	739192.561160
19.3344	-2.8483	4.7528	261.0000	739192.561160
19.4345	-2.8483	4.7528	243.0000	739192.561160
19.5499	-2.8483	4.7528	222.0000	739192.561160
19.6658	-2.8483	4.7528	201.0000	739192.561160
19.7819	-2.8483	4.7528	180.0000	739192.561160
19.8978	-2.8483	4.7528	159.0000	739192.561160
20.0142	-2.8483	4.7528	159.0000	739192.561160
20.1300	-2.8483	4.7528	159.0000	739192.561160
20.2459	-2.8483	4.7528	159.0000	739192.561160
20.3621	-2.8483	4.7528	159.0000	739192.561160
20.4782	-2.8483	4.7528	159.0000	739192.561160
20.5942	-2.5683	4.8604	159.0000	739192.561160
20.7102	-2.0781	5.0485	159.0000	739192.561160
20.8263	-1.5880	5.2366	159.0000	739192.561160
20.9424	-1.0979	5.4248	159.0000	739192.561160
21.0587	-0.6077	5.6129	159.0000	739192.561160
21.1748	-0.3277	5.7204	159.0000	739192.561160
21.2906	-0.3277	5.7204	159.0000	739192.561160
21.4069	-0.3277	5.7204	159.0000	739192.561160
21.5228	-0.5377	5.6398	159.0000	739192.561160
21.6387	-1.0279	5.4517	159.0000	739192.561160
21.7548	-1.5180	5.2635	159.0000	739192.561160
21.8709	-2.0081	5.0754	159.0000	739192.561160
21.9870	-2.4982	4.8872	159.0000	739192.561160
22.1030	-2.9884	4.6991	159.0000	739192.561160
22.2189	-3.4785	4.5109	159.0000	739192.561160
22.3351	-3.8286	4.3766	159.0000	739192.561160
22.4510	-3.8286	4.3766	159.0000	739192.561160
22.5673	-3.8286	4.3766	159.0000	739192.561160
22.6833	-3.8286	4.3766	159.0000	739192.561160
22.7991	-3.8286	4.3766	159.0000	739192.561160
22.9153	-3.8286	4.3766	159.0000	739192.561160
23.0316	-3.8286	4.3766	159.0000	739192.561160
23.1476	-3.8286	4.3766	159.0000	739192.561160
23.2636	-3.8286	4.3766	159.0000	739192.561160
23.3794	-3.8286	4.3766	159.0000	739192.561160
23.4956	-3.8286	4.3766	159.0000	739192.561160
23.6119	-3.8286	4.3766	159.0000	739192.561160
23.7276	-3.8286	4.3766	159.0000	739192.561160
23.8437	-3.8286	4.3766	159.0000	739192.561160
23.9603	-3.8286	4.3766	159.0000	739192.561160
24.0760	-3.8286	4.3766	159.0000	739192.561160
24.1919	-3.8286	4.3766	159.0000	739192.561160
24.3080	-3.8286	4.3766	159.0000	739192.561160
24.4241	-3.8286	4.3766	159.0000	739192.561160
24.5403	-3.8286	4.3766	159.0000	739192.561160
24.6561	-3.8286	4.3766	159.0000	739192.561160
24.7723	-3.8286	4.3766	159.0000	739192.561160
24.8883	-3.8286	4.3766	159.0000	739192.561160
25.0042	-3.8286	4.3766	159.0000	739192.561160
25.1203	-3.8286	4.3766	159.0000	739192.561160
25.2364	-3.8286	4.3766	159.0000	739192.561160
25.3527	-3.8286	4.3766	159.0000	739192.561160
25.4688	-3.8286	4.3766	159.0000	739192.561160
25.5700	-3.8286	4.3766	159.0000	739192.561160
25.6842	-3.8286	4.3766	159.0000	739192.561160
25.8001	-3.8286	4.3766	159.0000	739192.561160
25.9162	-3.8286	4.3766	159.0000	739192.561160
26.0322	-3.8286	4.3766	159.0000	739192.561160
26.1482	-3.8286	4.3766	159.0000	739192.561160
26.2645	-3.8286	4.3766	159.0000	739192.561160
26.3803	-3.8286	4.3766	159.0000	739192.561160
26.4965	-3.8286	4.3766	159.0000	739192.561160
26.6125	-3.8286	4.3766	159.0000	739192.561160
26.7286	-3.8286	4.3766	159.0000	739192.561160
26.8447	-3.8286	4.3766	159.0000	739192.561160
26.9609	-3.8286	4.3766	159.0000	739192.561160
27.0769	-3.8286	4.3766	159.0000	739192.561160
27.1931	-3.8286	4.3766	159.0000	739192.561160
27.3088	-3.8286	4.3766	159.0000	739192.561160
27.4248	-3.8286	4.3766	159.0000	739192.561160
27.5410	-3.8286	4.3766	159.0000	739192.561160
27.6573	-3.8286	4.3766	159.0000	739192.561160
27.7734	-3.8286	4.3766	159.0000	739192.561160
27.8894	-3.8286	4.3766	159.0000	739192.561160
28.0052	-3.8286	4.3766	159.0000	739192.561160
28.1215	-3.8286	4.3766	159.0000	739192.561160
28.2374	-3.8286	4.3766	159.0000	739192.561160
28.3534	-3.8286	4.3766	159.0000	739192.561160
28.4693	-3.8286	4.3766	159.0000	739192.561160
28.5852	-3.8286	4.3766	159.0000	739192.561160
28.7013	-3.8286	4.3766	159.0000	739192.561160
28.8177	-3.8286	4.3766	159.0000	739192.561160
28.9337	-3.8286	4.3766	159.0000	739192.561160
29.0498	-3.8286	4.3766	159.0000	739192.561160
29.1655	-3.8286	4.3766	159.0000	739192.561160
29.2817	-3.8286	4.3766	159.0000	739192.561160
29.3977	-3.8286	4.3766	159.0000	739192.561160
29.5138	-3.8286	4.3766	159.0000	739192.561160
29.6299	-3.8286	4.3766	159.0000	739192.561160
29.7461	-3.8286	4.3766	159.0000	739192.561160
29.8620	-3.8286	4.3766	159.0000	739192.561160
29.9784	-3.8286	4.3766	159.0000	739192.561160
30.0943	-3.8286	4.3766	159.0000	739192.561160
30.2102	-3.8286	4.3766	159.0000	739192.561160
30.3266	-3.8286	4.3766	159.0000	739192.561160
30.4422	-3.8286	4.3766	159.0000	739192.561160
30.5586	-3.8286	4.3766	159.0000	739192.561160
30.6743	-3.8286	4.3766	159.0000	739192.561160
30.7905	-3.8286	4.3766	159.0000	739192.561160
30.9065	-3.8286	4.3766	159.0000	739192.561160
31.0229	-3.8286	4.3766	159.0000	739192.561160
31.1387	-3.8286	4.3766	159.0000	739192.561160
31.2547	-3.8286	4.3766	159.0000	739192.561160
31.3708	-3.8286	4.3766	159.0000	739192.561160
31.4869	-3.8286	4.3766	159.0000	739192.561160
31.6029	-3.8286	4.3766	159.0000	739192.561160
31.7190	-3.8286	4.3766	159.0000	739192.561160
31.8351	-3.8286	4.3766	159.0000	739192.561160
31.9509	-3.8286	4.3766	159.0000	739192.561160
32.0671	-3.8286	4.3766	159.0000	739192.561160
32.1838	-3.8286	4.3766	159.0000	739192.561160
32.2998	-3.8286	4.3766	159.0000	739192.561160
32.4151	-3.8286	4.3766	159.0000	739192.561160
32.5313	-3.8286	4.3766	159.0000	739192.561160
32.6474	-3.8286	4.3766	159.0000	739192.561160
32.7635	-3.8286	4.3766	159.0000	739192.561160
32.8794	-3.8286	4.3766	159.0000	739192.561160
32.9954	-3.8286	4.3766	159.0000	739192.561160
33.1115	-3.8286	4.3766	159.0000	739192.561160
33.2276	-3.8286	4.3766	159.0000	739192.561160
33.3439	-3.8286	4.3766	159.0000	739192.561160
33.4596	-3.8286	4.3766	159.0000	739192.561160
33.5758	-3.8286	4.3766	159.0000	739192.561160
33.6917	-3.8286	4.3766	159.0000	739192.561160
33.8079	-3.8286	4.3766	159.0000	739192.561160
33.9243	-3.8286	4.3766	159.0000	739192.561160
34.0401	-3.8286	4.3766	159.0000	739192.561160
34.1559	-3.8286	4.3766	159.0000	739192.561160
34.2720	-3.8286	4.3766	159.0000	739192.561160
34.3882	-3.8286	4.3766	159.0000	739192.561160
34.5042	-3.8286	4.3766	159.0000	739192.561160
34.6202	-3.8286	4.3766	159.0000	739192.561160
34.7362	-3.8286	4.3766	159.0000	739192.561160
34.8523	-3.8286	4.3766	159.0000	739192.561160
34.9683	-3.8286	4.3766	159.0000	739192.561160
35.0849	-3.8286	4.3766	159.0000	739192.561160
35.2006	-3.8286	4.3766	159.0000	739192.561160
35.3164	-3.8286	4.3766	159.0000	739192.561160
35.4325	-3.8286	4.3766	159.0000	739192.561160
35.5487	-3.8286	4.3766	159.0000	739192.561160
35.6646	-3.8286	4.3766	159.0000	739192.561160
35.7809	-3.8286	4.3766	159.0000	739192.561160
35.8969	-3.8286	4.3766	159.0000	739192.561160
36.0129	-3.8286	4.3766	159.0000	739192.561160
36.1289	-3.8286	4.3766	159.0000	739192.561160
36.2449	-3.8286	4.3766	159.0000	739192.561160
36.3612	-3.8286	4.3766	159.0000	739192.561160
36.4773	-3.8286	4.3766	159.0000	739192.561160
36.5932	-3.8286	4.3766	159.0000	739192.561160
36.7098	-3.8286	4.3766	159.0000	739192.561160
36.8264	-3.8286	4.3766	159.0000	739192.561160
36.9412	-3.8286	4.3766	159.0000	739192.561160
37.0575	-3.8286	4.3766	159.0000	739192.561160
37.1736	-3.8286	4.3766	159.0000	739192.561160
37.2895	-3.8286	4.3766	159.0000	739192.561160
37.4055	-3.8286	4.3766	159.0000	739192.561160
37.5218	-3.8286	4.3766	159.0000	739192.561160
37.6379	-3.8286	4.3766	159.0000	739192.561160
37.7537	-3.8286	4.3766	159.0000	739192.561160
37.8699	-3.8286	4.3766	159.0000	739192.561160
37.9859	-3.8286	4.3766	159.0000	739192.561160
38.1017	-3.8286	4.3766	159.0000	739192.561160
38.2181	-3.8286	4.3766	159.0000	739192.561160
38.3339	-3.8286	4.3766	159.0000	739192.561160
38.4502	-3.8286	4.3766	159.0000	739192.561160
38.5660	-3.8286	4.3766	159.0000	739192.561160
38.6822	-3.8286	4.3766	159.0000	739192.561160
38.7983	-3.8286	4.3766	159.0000	739192.561160
38.9145	-3.8286	4.3766	159.0000	739192.561160
39.0304	-3.8286	4.3766	159.0000	739192.561160
39.1466	-3.8286	4.3766	159.0000	739192.561160
39.2625	-3.8286	4.3766	159.0000	739192.561160
39.3784	-3.8286	4.3766	159.0000	739192.561160
39.4947	-3.8286	4.3766	159.0000	739192.561160
39.6108	-3.8286	4.3766	159.0000	739192.561160
39.7267	-3.8286	4.3766	159.0000	739192.561160
39.8433	-3.8286	4.3766	159.0000	739192.561160
39.9588	-3.8286	4.3766	159.0000	739192.561160
40.0747	-3.8286	4.3766	159.0000	739192.561160
40.1909	-3.8286	4.3766	159.0000	739192.561160
40.3071	-3.8286	4.3766	159.0000	739192.561160
40.4229	-3.8286	4.3766	159.0000	739192.561160
40.5390	-3.8286	4.3766	159.0000	739192.561160
40.6551	-3.8286	4.3766	159.0000	739192.561160
40.7711	-3.8286	4.3766	159.0000	739192.561160
40.8874	-3.8286	4.3766	159.0000	739192.561160
41.0030	-3.8286	4.3766	159.0000	739192.561160
41.1194	-3.8286	4.3766	159.0000	739192.561160
41.2355	-3.8286	4.3766	159.0000	739192.561160
41.3513	-3.8286	4.3766	159.0000	739192.561160
41.4676	-3.8286	4.3766	159.0000	739192.561160
41.5834	-3.8286	4.3766	159.0000	739192.561160
41.6994	-3.8286	4.3766	159.0000	739192.561160
41.8156	-3.8286	4.3766	159.0000	739192.561160
41.9320	-3.8286	4.3766	159.0000	739192.561160
42.0477	-3.8286	4.3766	159.0000	739192.561160
42.1637	-3.8286	4.3766	159.0000	739192.561160
42.2797	-3.8286	4.3766	159.0000	739192.561160
42.3964	-3.8286	4.3766	159.0000	739192.561160
42.5120	-3.8286	4.3766	159.0000	739192.561160
42.6279	-3.8286	4.3766	159.0000	739192.561160
42.7442	-3.8286	4.3766	159.0000	739192.561160
42.8602	-3.8286	4.3766	159.0000	739192.561160
42.9762	-3.8286	4.3766	159.0000	739192.561160
43.0922	-3.8286	4.3766	159.0000	739192.561160
43.2083	-3.8286	4.3766	159.0000	739192.561160
43.3242	-3.8286	4.3766	159.0000	739192.561160
43.4403	-3.8286	4.3766	159.0000	739192.561160
43.5563	-3.8286	4.3766	159.0000	739192.561160
43.6725	-3.8286	4.3766	159.0000	739192.561160
43.7886	-3.8286	4.3766	159.0000	739192.561160
43.9047	-3.8286	4.3766	159.0000	739192.561160
44.0208	-3.8286	4.3766	159.0000	739192.561160
44.1367	-3.8286	4.3766	159.0000	739192.561160
44.2528	-3.8286	4.3766	159.0000	739192.561160
44.3691	-3.8286	4.3766	159.0000	739192.561160
44.4849	-3.8286	4.3766	159.0000	739192.561160
44.6009	-3.8286	4.3766	159.0000	739192.561160
44.7169	-3.8286	4.3766	159.0000	739192.561160
44.8332	-3.8286	4.3766	159.0000	739192.561160
44.9490	-3.8286	4.3766	159.0000	739192.561160
45.0651	-3.8286	4.3766	159.0000	739192.561160
45.1811	-3.8286	4.3766	159.0000	739192.561160
45.2973	-3.8286	4.3766	159.0000	739192.561160
45.4134	-3.8286	4.3766	159.0000	739192.561160
45.5293	-3.8286	4.3766	159.0000	739192.561160
45.6454	-3.8286	4.3766	159.0000	739192.561160
45.7614	-3.8286	4.3766	159.0000	739192.561160
45.8776	-3.8286	4.3766	159.0000	739192.561160
45.9936	-3.8286	4.3766	159.0000	739192.561160
46.1095	-3.8286	4.3766	159.0000	739192.561160
46.2256	-3.8286	4.3766	159.0000	739192.561160
46.3421	-3.8286	4.3766	159.0000	739192.561160
46.4582	-3.8286	4.3766	159.0000	739192.561160
46.5737	-3.8286	4.3766	159.0000	739192.561160
46.6898	-3.8286	4.3766	159.0000	739192.561160
46.8058	-3.8286	4.3766	159.0000	739192.561160
46.9221	-3.8286	4.3766	159.0000	739192.561160
47.0381	-3.8286	4.3766	159.0000	739192.561160
47.1541	-3.8286	4.3766	159.0000	739192.561160
47.2703	-3.8286	4.3766	159.0000	739192.561160
47.3861	-3.8286	4.3766	159.0000	739192.561160
47.5022	-3.8286	4.3766	159.0000	739192.561160
47.6183	-3.8286	4.3766	159.0000	739192.561160
47.7344	-3.8286	4.3766	159.0000	739192.561160
47.8504	-3.8286	4.3766	159.0000	739192.561160
47.9664	-3.8286	4.3766	159.0000	739192.561160
48.0827	-3.8286	4.3766	159.0000	739192.561160
48.1985	-3.8286	4.3766	159.0000	739192.561160
48.3144	-3.8286	4.3766	159.0000	739192.561160
48.4306	-3.8286	4.3766	159.0000	739192.561160
48.5467	-3.8286	4.3766	159.0000	739192.561160
48.6627	-3.8286	4.3766	159.0000	739192.561160
48.7787	-3.8286	4.3766	159.0000	739192.561160
48.8948	-3.8286	4.3766	159.0000	739192.561160
49.0109	-3.8286	4.3766	159.0000	739192.561160
49.1269	-3.8286	4.3766	159.0000	739192.561160
49.2428	-3.8286	4.3766	159.0000	739192.561160
49.3590	-3.8286	4.3766	159.0000	739192.561160
49.4751	-3.8286	4.3766	159.0000	739192.561160
49.5912	-3.8286	4.3766	159.0000	739192.561160
49.7074	-3.8286	4.3766	159.0000	739192.561160
49.8244	-3.8286	4.3766	159.0000	739192.561160
49.9393	-3.8286	4.3766	159.0000	739192.561160
50.0555	-3.8286	4.3766	159.0000	739192.561160
50.1718	-3.8286	4.3766	159.0000	739192.561160
50.2876	-3.8286	4.3766	159.0000	739192.561160
50.4036	-3.8286	4.3766	159.0000	739192.561160
50.5197	-3.8286	4.3766	159.0000	739192.561160
50.6357	-3.8286	4.3766	159.0000	739192.561160
50.7517	-3.8286	4.3766	159.0000	739192.561160
50.8679	-3.8286	4.3766	159.0000	739192.561160
50.9838	-3.8286	4.3766	159.0000	739192.561160
51.0999	-3.8286	4.3766	159.0000	739192.561160
51.2159	-3.8286	4.3766	159.0000	739192.561160
51.3320	-3.8286	4.3766	159.0000	739192.561160
51.4481	-3.8286	4.3766	159.0000	739192.561160
51.5641	-3.8286	4.3766	159.0000	739192.561160
51.6802	-3.8286	4.3766	159.0000	739192.561160
51.7962	-3.8286	4.3766	159.0000	739192.561160
51.9125	-3.8286	4.3766	159.0000	739192.561160
52.0284	-3.8286	4.3766	159.0000	739192.561160
52.1446	-3.8286	4.3766	159.0000	739192.561160
52.2604	-3.8286	4.3766	159.0000	739192.561160
52.3765	-3.6886	4.4303	159.0000	739192.561160
52.4926	-3.1984	4.6185	159.0000	739192.561160
52.6085	-2.7083	4.8066	159.0000	739192.561160
52.7253	-2.2182	4.9947	159.0000	739192.561160
52.8410	-1.7280	5.1829	159.0000	739192.561160
52.9570	-1.2477	5.3925	150.0000	739192.561160
53.0728	-0.8207	5.6978	144.0000	739192.561160
53.1892	-0.6387	5.8301	144.0000	739192.561160
53.3049	-0.6387	5.8301	144.0000	739192.561160
53.4212	-0.6387	5.8301	144.0000	739192.561160
53.5381	-0.6387	5.8301	144.0000	739192.561160
53.6531	-0.6387	5.8301	147.0000	739192.561160
53.7690	-0.6387	5.8301	165.0000	739192.561160
53.8852	-0.6387	5.8301	165.0000	739192.561160
54.0014	-0.2040	5.9465	165.0000	739192.561160
54.1174	-0.1316	5.9659	159.0000	739192.561160
54.2334	-0.1316	5.9659	138.0000	739192.561160
54.3494	-0.1316	5.9659	132.0000	739192.561160
54.4656	-0.1316	5.9659	132.0000	739192.561160
54.5819	-0.1316	5.9659	132.0000	739192.561160
54.6977	-0.1316	5.9659	132.0000	739192.561160
54.8136	-0.1316	5.9659	132.0000	739192.561160
54.9297	-0.1316	5.9659	132.0000	739192.561160
55.0458	-0.1316	5.9659	120.0000	739192.561160
55.1618	-0.1316	5.9659	99.0000	739192.561160
55.2781	-0.1316	5.9659	99.0000	739192.561160
55.3942	-0.0964	6.1882	99.0000	739192.561160
55.5099	-0.0964	6.1882	99.0000	739192.561160
55.6260	-0.0964	6.1882	99.0000	739192.561160
55.7422	-0.0964	6.1882	99.0000	739192.561160
55.8581	-0.0964	6.1882	111.0000	739192.561160
55.9741	-0.0964	6.1882	126.0000	739192.561160
56.0913	-0.0082	6.3095	126.0000	739192.561160
0.1159	0.0000	0.0000	45.0000	739192.564117
0.2320	0.0000	0.0000	45.0000	739192.564117
0.3484	0.0000	0.0000	45.0000	739192.564117
0.4646	0.0000	0.0000	45.0000	739192.564117
0.5810	0.0000	0.0000	45.0000	739192.564117
0.6971	0.0000	0.0000	45.0000	739192.564117
0.8133	0.0000	0.0000	45.0000	739192.564117
0.9294	0.0000	0.0000	45.0000	739192.564117
1.0457	0.0000	0.0000	45.0000	739192.564117
1.1619	0.0000	0.0000	60.0000	739192.564117
1.2781	0.0000	0.0000	72.0000	739192.564117
1.3944	-0.0927	0.2853	72.0000	739192.564117
1.5106	-0.2549	0.7846	72.0000	739192.564117
1.6270	-0.4172	1.2839	72.0000	739192.564117
1.7431	-0.5794	1.7832	72.0000	739192.564117
1.8594	-0.5794	1.7832	72.0000	739192.564117
1.9757	-0.5794	1.7832	72.0000	739192.564117
2.0918	-0.5794	1.7832	54.0000	739192.564117
2.2081	-0.5794	1.7832	54.0000	739192.564117
2.3244	-0.7117	1.9653	54.0000	739192.564117
2.4404	-1.0202	2.3900	54.0000	739192.564117
2.5568	-1.3256	2.8170	57.0000	739192.564117
2.6730	-1.3631	2.8819	78.0000	739192.564117
2.7894	-1.3631	2.8819	81.0000	739192.564117
2.9055	-1.3631	2.8819	81.0000	739192.564117
3.0217	-1.3631	2.8819	81.0000	739192.564117
3.1381	-1.2810	2.3634	81.0000	739192.564117
3.2544	-1.1988	1.8448	81.0000	739192.564117
3.3706	-1.1988	1.8448	72.0000	739192.564117
3.4867	-1.1988	1.8448	51.0000	739192.564117
3.6030	-1.1988	1.8448	45.0000	739192.564117
3.7193	-1.1988	1.8448	45.0000	739192.564117
3.8354	-1.1988	1.8448	57.0000	739192.564117
3.9517	-1.4848	2.2851	57.0000	739192.564117
4.0679	-1.7707	2.7254	57.0000	739192.564117
4.1842	-1.8899	2.9162	72.0000	739192.564117
4.3005	-1.8899	2.9162	93.0000	739192.564117
4.4167	-1.8743	2.9895	102.0000	739192.564117
4.5329	-1.7652	3.5031	102.0000	739192.564117
4.6491	-1.6599	4.0173	99.0000	739192.564117
4.7654	-1.6872	4.5387	78.0000	739192.564117
4.8816	-1.8996	5.0157	57.0000	739192.564117
4.9978	-2.2268	5.4261	51.0000	739192.564117
5.1142	-2.4156	5.6593	51.0000	739192.564117
5.2303	-2.4156	5.6593	30.0000	739192.564117
5.3465	-2.4156	5.6593	9.0000	739192.564117
5.4629	-2.4156	5.6593	-6.0000	739192.564117
5.5790	-2.4156	5.6593	-6.0000	739192.564117
5.6953	-2.4156	5.6593	9.0000	739192.564117
5.8114	-2.4156	5.6593	30.0000	739192.564117
5.9277	-2.4156	5.6593	51.0000	739192.564117
6.0439	-2.4156	5.6593	72.0000	739192.564117
6.1602	-2.4156	5.6593	93.0000	739192.564117
6.2765	-2.4156	5.6593	114.0000	739192.564117
6.3927	-2.4156	5.6593	135.0000	739192.564117
6.5090	-2.4156	5.6593	156.0000	739192.564117
6.6252	-2.4156	5.6593	177.0000	739192.564117
6.7414	-2.4156	5.6593	177.0000	739192.564117
6.8576	-2.4156	5.6593	177.0000	739192.564117
6.9740	-1.8914	5.6867	177.0000	739192.564117
7.0902	-1.3671	5.7142	177.0000	739192.564117
7.2064	-1.2173	5.7221	177.0000	739192.564117
7.3227	-1.2173	5.7221	177.0000	739192.564117
7.4389	-0.8428	5.7417	177.0000	739192.564117
7.5551	-0.8428	5.7417	165.0000	739192.564117
7.6714	-0.8428	5.7417	144.0000	739192.564117
7.7877	-0.8428	5.7417	141.0000	739192.564117
7.9038	-0.8428	5.7417	141.0000	739192.564117
8.0200	-0.8428	5.7417	162.0000	739192.564117
8.1363	-0.8428	5.7417	162.0000	739192.564117
8.2526	-0.5575	5.8344	162.0000	739192.564117
8.3688	-0.1295	5.9734	162.0000	739192.564117
8.4850	-0.1295	5.9734	162.0000	739192.564117
8.6012	-0.1295	5.9734	141.0000	739192.564117
8.7176	-0.1295	5.9734	138.0000	739192.564117
8.8337	-0.1295	5.9734	138.0000	739192.564117
8.9500	-0.1295	5.9734	138.0000	739192.564117
9.0663	-0.1295	5.9734	138.0000	739192.564117
9.1825	-0.1295	5.9734	138.0000	739192.564117
9.2986	-0.1295	5.9734	126.0000	739192.564117
9.4149	-0.1295	5.9734	114.0000	739192.564117
9.5312	-0.1295	5.9734	114.0000	739192.564117
9.6474	-0.1295	5.9734	114.0000	739192.564117
9.7637	-0.1295	5.9734	114.0000	739192.564117
9.8798	-0.1295	5.9734	114.0000	739192.564117
9.9961	-0.1295	5.9734	93.0000	739192.564117
10.1123	-0.1295	5.9734	84.0000	739192.564117
10.2286	-0.1452	6.1226	84.0000	739192.564117
10.3448	-0.1452	6.1226	84.0000	739192.564117
10.4612	-0.1452	6.1226	84.0000	739192.564117
10.5773	-0.1452	6.1226	105.0000	739192.564117
10.6935	-0.1452	6.1226	120.0000	739192.564117
10.8098	-0.0702	6.2525	120.0000	739192.564117
10.9260	-0.0702	6.2525	120.0000	739192.564117
11.0423	-0.0702	6.2525	120.0000	739192.564117
11.1585	-0.0702	6.2525	120.0000	739192.564117
11.2748	-0.0702	6.2525	138.0000	739192.564117
0.1082	0.0000	0.0000	45.0000	739197.890059
0.2571	0.0000	0.0000	45.0000	739197.890059
0.3663	0.0000	0.0000	45.0000	739197.890059
0.4684	0.0000	0.0000	45.0000	739197.890059
0.5826	0.0000	0.0000	45.0000	739197.890059
0.6918	0.0000	0.0000	45.0000	739197.890059
0.7939	0.0000	0.0000	45.0000	739197.890059
0.9086	0.0000	0.0000	45.0000	739197.890059
1.0254	0.0000	0.0000	45.0000	739197.890059
1.1367	0.0000	0.0000	45.0000	739197.890059
1.2417	0.0000	0.0000	45.0000	739197.890059
1.3477	-0.1591	0.1591	45.0000	739197.890059
1.4596	-0.4773	0.4773	45.0000	739197.890059
1.5613	-0.7955	0.7955	45.0000	739197.890059
1.6667	-0.9900	1.0232	57.0000	739197.890059
1.7740	-0.9900	1.0232	75.0000	739197.890059
1.8815	-1.0252	1.2455	81.0000	739197.890059
1.9884	-1.0956	1.6899	81.0000	739197.890059
2.0904	-1.1660	2.1344	81.0000	739197.890059
2.2083	-1.2012	2.3566	72.0000	739197.890059
2.3128	-1.2012	2.3566	57.0000	739197.890059
2.4215	-1.2012	2.3566	39.0000	739197.890059
2.5281	-1.4050	2.4517	24.0000	739197.890059
2.6327	-1.8161	2.6347	24.0000	739197.890059
2.7432	-2.0108	2.7471	39.0000	739197.890059
2.8600	-2.0108	2.7471	57.0000	739197.890059
2.9649	-2.0108	2.7471	75.0000	739197.890059
3.0700	-2.0069	2.8220	93.0000	739197.890059
3.1790	-1.9833	3.2714	93.0000	739197.890059
3.2878	-1.9598	3.7208	93.0000	739197.890059
3.3944	-1.9519	3.8706	93.0000	739197.890059
3.4948	-1.9519	3.8706	84.0000	739197.890059
3.6163	-1.9519	3.8706	96.0000	739197.890059
3.7308	-1.9519	3.8706	105.0000	739197.890059
3.8343	-1.9519	3.8706	123.0000	739197.890059
3.9442	-2.0463	3.7540	129.0000	739197.890059
4.0463	-2.1879	3.5791	129.0000	739197.890059
4.1534	-2.1407	3.6374	129.0000	739197.890059
4.2601	-1.9519	3.8706	129.0000	739197.890059
4.3667	-1.9519	3.8706	129.0000	739197.890059
4.4755	-1.9519	3.8706	123.0000	739197.890059
4.5822	-1.9519	3.8706	123.0000	739197.890059
4.6885	-1.9519	3.8706	132.0000	739197.890059
4.7924	-1.9519	3.8706	150.0000	739197.890059
4.9027	-1.9519	3.8706	162.0000	739197.890059
5.0136	-1.6666	3.9633	162.0000	739197.890059
5.1200	-1.6666	3.9633	162.0000	739197.890059
5.2266	-1.6666	3.9633	144.0000	739197.890059
5.3294	-1.6666	3.9633	126.0000	739197.890059
5.4306	-1.6666	3.9633	111.0000	739197.890059
5.5395	-1.6666	3.9633	93.0000	739197.890059
5.6499	-1.6666	3.9633	75.0000	739197.890059
5.7685	-1.8242	4.3847	69.0000	739197.890059
5.8773	-1.9854	4.8048	69.0000	739197.890059
5.9991	-2.1467	5.2249	69.0000	739197.890059
6.1022	-2.2041	5.3634	57.0000	739197.890059
6.2100	-2.2041	5.3634	39.0000	739197.890059
6.3154	-2.2041	5.3634	21.0000	739197.890059
6.4207	-2.2041	5.3634	3.0000	739197.890059
6.5234	-2.2041	5.3634	-9.0000	739197.890059
6.6254	-2.2041	5.3634	6.0000	739197.890059
6.7330	-2.2041	5.3634	24.0000	739197.890059
6.8401	-2.2041	5.3634	42.0000	739197.890059
6.9465	-2.2041	5.3634	60.0000	739197.890059
7.0565	-2.2041	5.3634	78.0000	739197.890059
7.1630	-2.2041	5.3634	96.0000	739197.890059
7.2736	-2.2041	5.3634	114.0000	739197.890059
7.3823	-2.2041	5.3634	132.0000	739197.890059
7.4935	-2.2041	5.3634	150.0000	739197.890059
7.5971	-2.2041	5.3634	165.0000	739197.890059
7.7139	-2.2041	5.3634	171.0000	739197.890059
7.8161	-2.2041	5.3634	171.0000	739197.890059
7.9322	-1.7596	5.4338	171.0000	739197.890059
8.0395	-1.3152	5.5042	171.0000	739197.890059
8.1454	-0.8707	5.5746	171.0000	739197.890059
8.2584	-0.5027	5.6448	165.0000	739197.890059
8.3662	-0.3613	5.6949	147.0000	739197.890059
8.4712	-0.3613	5.6949	129.0000	739197.890059
8.5767	-0.3613	5.6949	111.0000	739197.890059
8.6839	-0.3146	5.9150	102.0000	739197.890059
8.7875	-0.2990	5.9883	102.0000	739197.890059
8.9041	-0.2990	5.9883	111.0000	739197.890059
9.0140	-0.2649	6.0551	129.0000	739197.890059
9.1206	-0.2649	6.0551	147.0000	739197.890059
9.2364	0.0024	6.1913	153.0000	739197.890059
0.1045	0.0000	0.0000	45.0000	739198.942610
0.2631	0.0000	0.0000	45.0000	739198.942610
0.3839	0.0000	0.0000	45.0000	739198.942610
0.4915	0.0000	0.0000	45.0000	739198.942610
0.6076	0.0000	0.0000	45.0000	739198.942610
0.7156	0.0000	0.0000	45.0000	739198.942610
0.8308	0.0000	0.0000	45.0000	739198.942610
0.9446	0.0000	0.0000	45.0000	739198.942610
1.0489	0.0000	0.0000	45.0000	739198.942610
1.1547	0.0000	0.0000	45.0000	739198.942610
1.2659	0.0000	0.0000	45.0000	739198.942610
1.3688	0.0000	0.0000	45.0000	739198.942610
1.4689	0.0000	0.0000	45.0000	739198.942610
1.5817	0.0000	0.0000	45.0000	739198.942610
1.6972	0.0000	0.0000	45.0000	739198.942610
1.8140	0.0000	0.0000	57.0000	739198.942610
1.9274	0.0000	0.0000	75.0000	739198.942610
2.0431	0.0000	0.0000	84.0000	739198.942610
2.1565	0.0000	0.0000	84.0000	739198.942610
2.2670	0.0000	0.0000	84.0000	739198.942610
2.3673	0.0000	0.0000	72.0000	739198.942610
2.4831	-0.0849	0.1236	54.0000	739198.942610
2.5886	-0.3414	0.3967	45.0000	739198.942610
2.7062	-0.6420	0.7305	54.0000	739198.942610
2.8211	-0.8349	1.1350	72.0000	739198.942610
2.9279	-0.8934	1.5794	90.0000	739198.942610
3.0282	-0.8895	1.6543	108.0000	739198.942610
3.1283	-0.8895	1.6543	123.0000	739198.942610
3.2292	-1.0121	1.4656	123.0000	739198.942610
3.3359	-1.2571	1.0882	123.0000	739198.942610
3.4426	-1.4989	0.7087	120.0000	739198.942610
3.5515	-1.5634	0.5734	102.0000	739198.942610
3.6535	-1.5634	0.5734	84.0000	739198.942610
3.7608	-1.5634	0.5734	66.0000	739198.942610
3.8777	-1.5634	0.5734	48.0000	739198.942610
3.9788	-1.5634	0.5734	33.0000	739198.942610
4.0944	-1.5634	0.5734	15.0000	739198.942610
4.2037	-1.5634	0.5734	-3.0000	739198.942610
4.3167	-1.9247	0.4766	-21.0000	739198.942610
4.4289	-2.3485	0.3265	-15.0000	739198.942610
4.5400	-2.7953	0.2913	3.0000	739198.942610
4.6497	-3.2447	0.3149	3.0000	739198.942610
4.7571	-3.6941	0.3385	3.0000	739198.942610
4.8661	-4.1435	0.3620	3.0000	739198.942610
4.9748	-4.5180	0.3816	3.0000	739198.942610
5.0832	-4.8913	0.4130	9.0000	739198.942610
5.1833	-5.1085	0.4712	24.0000	739198.942610
5.2844	-5.1085	0.4712	39.0000	739198.942610
5.3870	-5.1085	0.4712	54.0000	739198.942610
5.5046	-5.1585	0.6125	72.0000	739198.942610
5.6049	-5.2403	0.9784	78.0000	739198.942610
5.7167	-5.2794	1.2753	93.0000	739198.942610
5.8248	-5.2794	1.2753	108.0000	739198.942610
5.9420	-5.4664	0.9514	126.0000	739198.942610
6.0562	-5.7915	0.6429	144.0000	739198.942610
6.1735	-5.7915	0.6429	162.0000	739198.942610
6.2890	-5.4929	0.6664	180.0000	739198.942610
6.4057	-5.0451	0.6233	186.0000	739198.942610
6.5106	-4.6714	0.5959	180.0000	739198.942610
6.6238	-4.3745	0.6349	165.0000	739198.942610
6.7385	-4.3745	0.6349	150.0000	739198.942610
6.8525	-4.3745	0.6349	132.0000	739198.942610
6.9552	-4.3745	0.6349	135.0000	739198.942610
7.0698	-4.3745	0.6349	153.0000	739198.942610
7.1767	-4.3745	0.6349	168.0000	739198.942610
7.2862	-4.5227	0.6115	171.0000	739198.942610
7.3983	-4.9671	0.5411	171.0000	739198.942610
7.5119	-5.4116	0.4707	171.0000	739198.942610
7.6283	-5.8560	0.4003	171.0000	739198.942610
7.7407	-5.8560	0.4003	171.0000	739198.942610
7.8525	-5.8560	0.4003	156.0000	739198.942610
7.9641	-5.8560	0.4003	138.0000	739198.942610
8.0768	-5.8560	0.4003	135.0000	739198.942610
8.1921	-5.8560	0.4003	135.0000	739198.942610
8.3044	-5.8560	0.4003	153.0000	739198.942610
8.4183	-5.8560	0.4003	156.0000	739198.942610
8.5317	-5.8560	0.4003	156.0000	739198.942610
8.6441	-5.8560	0.4003	156.0000	739198.942610
8.7599	-5.4449	0.5833	156.0000	739198.942610
8.8750	-5.0338	0.7664	156.0000	739198.942610
8.9759	-4.6965	0.9294	150.0000	739198.942610
9.0863	-4.4059	1.1648	132.0000	739198.942610
9.1885	-4.4059	1.1648	117.0000	739198.942610
9.2929	-4.4059	1.1648	102.0000	739198.942610
9.4067	-4.4059	1.1648	84.0000	739198.942610
9.5256	-4.4059	1.1648	102.0000	739198.942610
9.6310	-4.4059	1.1648	117.0000	739198.942610
9.7456	-4.4059	1.1648	135.0000	739198.942610
9.8612	-4.4059	1.1648	153.0000	739198.942610
9.9814	-4.4059	1.1648	171.0000	739198.942610
10.0823	-4.0319	1.1648	186.0000	739198.942610
10.1870	-3.5947	1.0598	195.0000	739198.942610
10.2926	-3.1600	0.9433	195.0000	739198.942610
10.3991	-2.7182	0.8654	183.0000	739198.942610
10.4999	-2.2739	0.9239	165.0000	739198.942610
10.6038	-1.8693	1.1169	147.0000	739198.942610
10.7138	-1.5442	1.4254	129.0000	739198.942610
10.8207	-1.3303	1.8193	111.0000	739198.942610
10.9252	-1.2487	2.2600	93.0000	739198.942610
11.0289	-1.3072	2.7044	75.0000	739198.942610
11.1328	-1.3841	2.9157	69.0000	739198.942610
11.2355	-1.3841	2.9157	69.0000	739198.942610
11.3377	-1.3841	2.9157	69.0000	739198.942610
11.4399	-1.2766	2.6356	69.0000	739198.942610
11.5410	-1.1422	2.2856	69.0000	739198.942610
11.6586	-1.0776	2.1502	51.0000	739198.942610
11.7693	-1.2595	2.2823	33.0000	739198.942610
11.8813	-1.6586	2.4901	27.0000	739198.942610
11.9941	-2.0595	2.6944	27.0000	739198.942610
12.1048	-2.3937	2.8646	27.0000	739198.942610
12.2083	-2.3937	2.8646	24.0000	739198.942610
12.3219	-2.3937	2.8646	6.0000	739198.942610
12.4228	-2.3937	2.8646	-9.0000	739198.942610
12.5307	-2.3937	2.8646	-24.0000	739198.942610
12.6346	-2.4605	2.8306	-18.0000	739198.942610
12.7410	-2.4605	2.8306	-6.0000	739198.942610
12.8444	-2.4605	2.8306	0.0000	739198.942610
12.9559	-2.4605	2.8306	0.0000	739198.942610
13.0679	-2.4605	2.8306	-18.0000	739198.942610
13.1776	-2.8607	2.6266	-30.0000	739198.942610
13.2889	-3.2609	2.4227	-21.0000	739198.942610
13.4001	-3.7016	2.3410	-3.0000	739198.942610
13.5145	-4.1510	2.3175	-3.0000	739198.942610
13.6280	-4.6005	2.3057	3.0000	739198.942610
13.7419	-5.0363	2.4103	21.0000	739198.942610
13.8533	-5.4185	2.6445	39.0000	739198.942610
13.9687	-5.7095	2.9853	57.0000	739198.942610
14.0824	-5.7095	2.9853	75.0000	739198.942610
14.1955	-5.7095	2.9853	93.0000	739198.942610
14.3098	-5.6401	3.1991	111.0000	739198.942610
14.4182	-5.4255	3.5943	120.0000	739198.942610
14.5257	-5.1972	3.9819	123.0000	739198.942610
14.6381	-5.1972	3.9819	132.0000	739198.942610
14.7542	-5.4565	3.7115	138.0000	739198.942610
14.8660	-5.8387	3.4773	156.0000	739198.942610
14.9701	-5.8387	3.4773	174.0000	739198.942610
15.0808	-5.8387	3.4773	192.0000	739198.942610
15.1888	-5.8387	3.4773	210.0000	739198.942610
15.2892	-5.8387	3.4773	228.0000	739198.942610
15.4048	-5.6212	3.0849	246.0000	739198.942610
15.5128	-5.4276	2.6791	240.0000	739198.942610
15.6259	-5.2453	2.4415	222.0000	739198.942610
15.7348	-5.2453	2.4415	204.0000	739198.942610
15.8373	-5.2453	2.4415	186.0000	739198.942610
15.9543	-5.2453	2.4415	165.0000	739198.942610
16.0712	-5.2453	2.4415	144.0000	739198.942610
16.1788	-5.2453	2.4415	126.0000	739198.942610
16.2915	-5.2453	2.4415	120.0000	739198.942610
16.3997	-5.2453	2.4415	138.0000	739198.942610
16.5120	-5.2453	2.4415	156.0000	739198.942610
16.6233	-5.2453	2.4415	174.0000	739198.942610
16.7352	-4.8707	2.4258	183.0000	739198.942610
16.8363	-4.4962	2.4062	183.0000	739198.942610
16.9510	-4.0468	2.3826	183.0000	739198.942610
17.0646	-3.6723	2.3630	183.0000	739198.942610
17.1675	-3.3004	2.4021	168.0000	739198.942610
17.2845	-2.8863	2.5736	150.0000	739198.942610
17.3874	-2.5957	2.8090	135.0000	739198.942610
17.4952	-2.3418	3.1783	117.0000	739198.942610
17.6063	-2.2145	3.6081	99.0000	739198.942610
17.7172	-2.2028	3.7576	81.0000	739198.942610
17.8274	-2.2028	3.7576	69.0000	739198.942610
17.9416	-2.2028	3.7576	87.0000	739198.942610
18.0493	-2.2028	3.7576	102.0000	739198.942610
18.1517	-2.3174	3.4809	117.0000	739198.942610
18.2652	-2.3855	3.3472	117.0000	739198.942610
18.3754	-2.3855	3.3472	117.0000	739198.942610
18.4886	-2.3855	3.3472	129.0000	739198.942610
18.6012	-2.2058	3.4826	144.0000	739198.942610
18.7023	-1.9024	3.7030	144.0000	739198.942610
18.8200	-1.6275	3.9558	129.0000	739198.942610
18.9334	-1.6275	3.9558	111.0000	739198.942610
19.0421	-1.6275	3.9558	93.0000	739198.942610
19.1557	-1.6275	3.9558	75.0000	739198.942610
19.2563	-1.6275	3.9558	63.0000	739198.942610
19.3758	-1.8284	4.2724	57.0000	739198.942610
19.4834	-1.9918	4.5240	57.0000	739198.942610
19.5899	-2.1239	4.7058	48.0000	739198.942610
19.7115	-2.1239	4.7058	33.0000	739198.942610
19.8303	-2.1239	4.7058	18.0000	739198.942610
19.9524	-2.1239	4.7058	27.0000	739198.942610
20.0578	-2.1239	4.7058	39.0000	739198.942610
20.1596	-2.2213	4.8198	51.0000	739198.942610
20.2677	-2.3778	5.0752	63.0000	739198.942610
20.3927	-2.4934	5.4309	78.0000	739198.942610
20.5169	-2.4934	5.4309	93.0000	739198.942610
20.6235	-2.4934	5.4309	105.0000	739198.942610
20.7424	-2.4934	5.4309	123.0000	739198.942610
20.8588	-2.4934	5.4309	141.0000	739198.942610
20.9731	-2.4934	5.4309	159.0000	739198.942610
21.0877	-2.4934	5.4309	174.0000	739198.942610
21.1999	-2.4934	5.4309	174.0000	739198.942610
21.3177	-2.2696	5.4544	174.0000	739198.942610
21.4341	-1.8221	5.5014	174.0000	739198.942610
21.5547	-1.4491	5.5406	174.0000	739198.942610
21.6795	-1.1513	5.5759	171.0000	739198.942610
21.7989	-0.8641	5.6609	159.0000	739198.942610
21.9002	-0.6009	5.8038	147.0000	739198.942610
22.0008	-0.5402	5.8479	141.0000	739198.942610
22.1174	-0.5402	5.8479	141.0000	739198.942610
22.2402	-0.5402	5.8479	141.0000	739198.942610
22.3506	-0.5402	5.8479	150.0000	739198.942610
22.4512	-0.5402	5.8479	159.0000	739198.942610
22.5708	-0.2602	5.9554	159.0000	739198.942610
22.6803	-0.1902	5.9823	159.0000	739198.942610
22.7881	-0.1902	5.9823	141.0000	739198.942610
22.8994	-0.1902	5.9823	123.0000	739198.942610
