T	X	Y	HEADING	NOW_NUM
0.1161	0.0000	0.0000	45.0000	739192.564117
0.2324	0.0000	0.0000	45.0000	739192.564117
0.3488	0.0000	0.0000	45.0000	739192.564117
0.4650	0.0000	0.0000	45.0000	739192.564117
0.5811	0.0000	0.0000	45.0000	739192.564117
0.6974	0.0000	0.0000	45.0000	739192.564117
0.8135	0.0000	0.0000	60.0000	739192.564117
0.9298	-0.1021	0.2005	63.0000	739192.564117
1.0460	-0.3405	0.6683	63.0000	739192.564117
1.1622	-0.5788	1.1360	63.0000	739192.564117
1.2786	-0.9074	1.5418	42.0000	739192.564117
1.3950	-1.3154	1.8722	39.0000	739192.564117
1.5110	-1.7156	2.2114	45.0000	739192.564117
1.6272	-1.8130	2.3254	66.0000	739192.564117
1.7436	-1.8130	2.3254	87.0000	739192.564117
1.8597	-1.7469	2.6178	105.0000	739192.564117
1.9760	-1.6110	3.1249	105.0000	739192.564117
2.0922	-1.5370	3.4918	90.0000	739192.564117
2.2084	-1.5370	3.4918	69.0000	739192.564117
2.3246	-1.5370	3.4918	48.0000	739192.564117
2.4409	-1.5370	3.4918	27.0000	739192.564117
2.5571	-1.5370	3.4918	6.0000	739192.564117
2.6736	-2.0619	3.4957	0.0000	739192.564117
2.7896	-2.5869	3.4957	0.0000	739192.564117
2.9058	-3.1119	3.4957	0.0000	739192.564117
3.0221	-3.6369	3.4957	0.0000	739192.564117
3.1385	-4.1619	3.4957	0.0000	739192.564117
3.2546	-4.6869	3.4957	0.0000	739192.564117
3.3708	-5.2119	3.4957	0.0000	739192.564117
3.4870	-5.3619	3.4957	3.0000	739192.564117
3.6033	-5.3619	3.4957	24.0000	739192.564117
3.7195	-5.3619	3.4957	45.0000	739192.564117
3.8357	-5.3619	3.4957	60.0000	739192.564117
3.9520	-5.3619	3.4957	45.0000	739192.564117
4.0682	-5.3619	3.4957	24.0000	739192.564117
4.1845	-5.3619	3.4957	3.0000	739192.564117
4.3007	-5.3619	3.4957	-18.0000	739192.564117
4.4170	-5.3619	3.4957	-39.0000	739192.564117
4.5333	-5.3619	3.4957	-60.0000	739192.564117
4.6494	-5.3619	3.4957	-81.0000	739192.564117
4.7656	-5.3619	3.4957	-90.0000	739192.564117
4.8819	-5.3619	3.1957	-90.0000	739192.564117
4.9984	-5.3619	3.1957	-90.0000	739192.564117
5.1145	-5.3619	3.3457	-90.0000	739192.564117
5.2306	-5.3619	3.8707	-90.0000	739192.564117
5.3471	-5.3619	4.0957	-102.0000	739192.564117
5.4631	-5.3619	4.0957	-123.0000	739192.564117
5.5793	-5.3619	4.0957	-144.0000	739192.564117
5.6956	-5.3619	4.0957	-165.0000	739192.564117
5.8118	-5.3619	4.0957	-186.0000	739192.564117
5.9281	-5.3619	4.0957	-201.0000	739192.564117
6.0444	-5.3619	4.0957	-201.0000	739192.564117
6.1605	-5.3619	4.0957	-201.0000	739192.564117
6.2769	-5.3619	4.0957	-207.0000	739192.564117
6.3931	-5.3619	4.0957	-228.0000	739192.564117
6.5094	-5.1985	4.3473	-237.0000	739192.564117
6.6255	-4.9126	4.7876	-237.0000	739192.564117
6.7417	-4.6170	5.2211	-231.0000	739192.564117
6.8581	-4.6170	5.2211	-210.0000	739192.564117
6.9742	-4.3972	5.2678	-189.0000	739192.564117
7.0904	-3.8731	5.2639	-177.0000	739192.564117
7.2067	-3.3488	5.2364	-177.0000	739192.564117
7.3230	-2.8244	5.2207	-183.0000	739192.564117
7.4392	-2.8244	5.2207	-186.0000	739192.564117
7.5554	-2.9736	5.2050	-186.0000	739192.564117
7.6717	-3.4957	5.1501	-186.0000	739192.564117
7.7880	-3.7195	5.1266	-186.0000	739192.564117
7.9040	-3.7195	5.1266	-186.0000	739192.564117
8.0204	-3.7195	5.1266	-174.0000	739192.564117
8.1366	-3.7195	5.1266	-162.0000	739192.564117
8.2530	-3.8621	5.1730	-162.0000	739192.564117
8.3690	-4.3614	5.3352	-162.0000	739192.564117
8.4853	-4.5041	5.3816	-162.0000	739192.564117
8.6016	-4.5041	5.3816	-162.0000	739192.564117
8.7178	-4.5041	5.3816	-162.0000	739192.564117
8.8341	-4.5041	5.3816	-144.0000	739192.564117
8.9503	-4.5041	5.3816	-138.0000	739192.564117
9.0665	-4.5041	5.3816	-138.0000	739192.564117
9.1827	-4.5041	5.3816	-129.0000	739192.564117
9.2989	-4.5041	5.3816	-108.0000	739192.564117
9.4153	-4.3682	4.8745	-105.0000	739192.564117
9.5317	-4.2488	4.5197	-120.0000	739192.564117
9.6478	-4.2488	4.5197	-141.0000	739192.564117
9.7640	-4.2488	4.5197	-162.0000	739192.564117
9.8802	-4.1775	4.4965	-162.0000	739192.564117
9.9965	-3.6782	4.3343	-162.0000	739192.564117
10.1126	-3.1789	4.1721	-162.0000	739192.564117
10.2289	-3.0362	4.1257	-174.0000	739192.564117
10.3452	-2.5880	4.1610	-186.0000	739192.564117
10.4615	-2.0659	4.2159	-186.0000	739192.564117
10.5777	-1.5437	4.2707	-186.0000	739192.564117
10.6939	-1.0967	4.3217	-192.0000	739192.564117
10.8101	-1.0967	4.3217	-213.0000	739192.564117
10.9264	-1.0967	4.3217	-234.0000	739192.564117
11.0425	-0.9204	4.5644	-234.0000	739192.564117
11.1588	-0.6118	4.9891	-234.0000	739192.564117
11.2751	-0.3064	5.4161	-237.0000	739192.564117
11.3913	-0.0969	5.8964	-249.0000	739192.564117
0.1140	0.0000	0.0000	45.0000	739192.873021
0.2168	0.0000	0.0000	45.0000	739192.873021
0.3234	0.0000	0.0000	45.0000	739192.873021
0.4359	0.0000	0.0000	45.0000	739192.873021
0.5527	0.0000	0.0000	45.0000	739192.873021
0.6529	0.0000	0.0000	45.0000	739192.873021
0.7649	0.0000	0.0000	45.0000	739192.873021
0.8830	-0.1591	0.1591	45.0000	739192.873021
0.9987	-0.4773	0.4773	45.0000	739192.873021
1.1201	-0.7868	0.8035	51.0000	739192.873021
1.2334	-0.8717	0.9270	69.0000	739192.873021
1.3459	-0.8717	0.9270	63.0000	739192.873021
1.4621	-0.8717	0.9270	45.0000	739192.873021
1.5736	-0.8717	0.9270	27.0000	739192.873021
1.6913	-0.8717	0.9270	33.0000	739192.873021
1.7932	-0.8717	0.9270	51.0000	739192.873021
1.8935	-0.8717	0.9270	69.0000	739192.873021
1.9963	-0.8717	0.9270	81.0000	739192.873021
2.1096	-0.8717	0.9270	81.0000	739192.873021
2.2191	-0.8717	0.9270	72.0000	739192.873021
2.3228	-0.8717	0.9270	69.0000	739192.873021
2.4416	-0.8717	0.9270	69.0000	739192.873021
2.5545	-0.8717	0.9270	69.0000	739192.873021
2.6657	-0.7642	0.6470	69.0000	739192.873021
2.7722	-0.7642	0.6470	78.0000	739192.873021
2.8806	-0.7564	0.7215	96.0000	739192.873021
2.9955	-0.7015	1.2437	96.0000	739192.873021
3.1099	-0.6937	1.6922	84.0000	739192.873021
3.2182	-0.7210	1.8397	69.0000	739192.873021
3.3250	-0.7210	1.8397	51.0000	739192.873021
3.4387	-0.7210	1.8397	33.0000	739192.873021
3.5504	-0.7210	1.8397	15.0000	739192.873021
3.6514	-0.7210	1.8397	-3.0000	739192.873021
3.7515	-0.7210	1.8397	-15.0000	739192.873021
3.8541	-1.0832	1.7426	-15.0000	739192.873021
3.9614	-1.5250	1.6647	-3.0000	739192.873021
4.0688	-1.9000	1.6647	0.0000	739192.873021
4.1740	-2.2694	1.7232	15.0000	739192.873021
4.2884	-2.4076	1.7804	30.0000	739192.873021
4.4032	-2.4076	1.7804	48.0000	739192.873021
4.5164	-2.4076	1.7804	66.0000	739192.873021
4.6199	-2.4658	1.9978	75.0000	739192.873021
4.7316	-2.4852	2.0702	81.0000	739192.873021
4.8424	-2.4852	2.0702	81.0000	739192.873021
4.9522	-2.4617	1.9220	81.0000	739192.873021
5.0648	-2.3913	1.4776	81.0000	739192.873021
5.1821	-2.3561	1.1799	93.0000	739192.873021
5.2987	-2.3561	1.1799	108.0000	739192.873021
5.4020	-2.2166	1.4452	120.0000	739192.873021
5.5045	-1.9916	1.8349	120.0000	739192.873021
5.6171	-1.9916	1.8349	114.0000	739192.873021
5.7263	-1.9916	1.8349	111.0000	739192.873021
5.8339	-1.9916	1.8349	102.0000	739192.873021
5.9432	-1.9916	1.8349	117.0000	739192.873021
6.0530	-1.9916	1.8349	123.0000	739192.873021
6.1647	-1.9916	1.8349	123.0000	739192.873021
6.2783	-2.1958	1.5204	123.0000	739192.873021
6.3917	-2.1958	1.5204	123.0000	739192.873021
6.5095	-2.1958	1.5204	126.0000	739192.873021
6.6230	-2.1958	1.5204	138.0000	739192.873021
6.7350	-1.9171	1.7713	138.0000	739192.873021
6.8509	-1.6467	2.0307	132.0000	739192.873021
6.9604	-1.4430	2.3443	117.0000	739192.873021
7.0823	-1.3157	2.7740	99.0000	739192.873021
7.1925	-1.3275	3.2221	81.0000	739192.873021
7.3084	-1.4771	3.6446	63.0000	739192.873021
7.4275	-1.5554	3.7724	45.0000	739192.873021
7.5425	-1.5554	3.7724	30.0000	739192.873021
7.6613	-1.5554	3.7724	15.0000	739192.873021
7.7666	-1.6304	3.7724	0.0000	739192.873021
7.8876	-2.0054	3.7724	0.0000	739192.873021
8.0052	-2.4554	3.7724	0.0000	739192.873021
8.1066	-2.9054	3.7724	0.0000	739192.873021
8.2227	-3.3554	3.7724	0.0000	739192.873021
8.3330	-3.6554	3.7724	0.0000	739192.873021
8.4562	-3.9553	3.7685	-3.0000	739192.873021
8.5731	-4.3211	3.6908	-18.0000	739192.873021
8.6815	-4.6543	3.5210	-33.0000	739192.873021
8.7931	-4.9688	3.3167	-33.0000	739192.873021
8.8963	-5.2833	3.1125	-33.0000	739192.873021
8.9977	-5.5838	2.8893	-42.0000	739192.873021
9.1005	-5.8376	2.6134	-48.0000	739192.873021
9.2122	-5.8376	2.6134	-33.0000	739192.873021
9.3263	-5.8376	2.6134	-12.0000	739192.873021
9.4307	-5.8376	2.6134	6.0000	739192.873021
9.5351	-5.8376	2.6134	24.0000	739192.873021
9.6401	-5.8376	2.6134	42.0000	739192.873021
9.7551	-5.8376	2.6134	60.0000	739192.873021
9.8721	-5.8376	2.6134	78.0000	739192.873021
9.9903	-5.8376	2.6134	93.0000	739192.873021
10.0919	-5.8376	2.6134	93.0000	739192.873021
10.1991	-5.8180	2.9878	93.0000	739192.873021
10.3011	-5.7944	3.4372	93.0000	739192.873021
10.4053	-5.6898	3.8730	111.0000	739192.873021
10.5202	-5.4054	4.3109	132.0000	739192.873021
10.6270	-5.0498	4.5838	150.0000	739192.873021
10.7299	-4.6273	4.7334	168.0000	739192.873021
10.8376	-4.1793	4.7451	186.0000	739192.873021
10.9496	-4.0311	4.7217	189.0000	739192.873021
11.0657	-4.0311	4.7217	189.0000	739192.873021
11.1793	-4.1052	4.7334	189.0000	739192.873021
11.2821	-4.5497	4.8038	189.0000	739192.873021
11.3835	-4.8460	4.8507	189.0000	739192.873021
11.4934	-4.8460	4.8507	174.0000	739192.873021
11.5969	-4.8460	4.8507	168.0000	739192.873021
11.7022	-4.8460	4.8507	168.0000	739192.873021
11.8075	-4.8460	4.8507	156.0000	739192.873021
11.9129	-4.8460	4.8507	153.0000	739192.873021
12.0228	-4.8460	4.8507	162.0000	739192.873021
12.1244	-4.8460	4.8507	180.0000	739192.873021
12.2344	-4.4772	4.7844	192.0000	739192.873021
12.3494	-3.9637	4.6752	192.0000	739192.873021
12.4575	-3.5235	4.5817	192.0000	739192.873021
12.5667	-3.0768	4.5347	183.0000	739192.873021
12.6811	-2.5525	4.5072	183.0000	739192.873021
12.7878	-2.1032	4.4837	183.0000	739192.873021
12.9039	-1.5789	4.4562	183.0000	739192.873021
13.0196	-1.0546	4.4287	183.0000	739192.873021
13.1366	-0.6827	4.4678	165.0000	739192.873021
13.2371	-0.6827	4.4678	156.0000	739192.873021
13.3418	-0.6827	4.4678	144.0000	739192.873021
13.4465	-0.6827	4.4678	126.0000	739192.873021
13.5619	-0.6827	4.4678	105.0000	739192.873021
13.6739	-0.6905	4.6926	87.0000	739192.873021
13.7759	-0.6905	5.1418	96.0000	739192.873021
13.8904	-0.5292	5.6384	117.0000	739192.873021
13.9915	-0.2563	5.9940	135.0000	739192.873021
