T	X	Y	HEADING	NOW_NUM
0.1164	0.0000	0.0000	45.0000	739185.466506
0.2328	0.0000	0.0000	45.0000	739185.466506
0.3489	0.0000	0.0000	45.0000	739185.466506
0.4650	0.0000	0.0000	45.0000	739185.466506
0.5813	0.0000	0.0000	45.0000	739185.466506
0.6976	-0.0530	0.0530	45.0000	739185.466506
0.8137	-0.4243	0.4243	45.0000	739185.466506
0.9301	-0.4243	0.4243	45.0000	739185.466506
1.0464	-0.4243	0.4243	45.0000	739185.466506
1.1626	-0.4243	0.4243	45.0000	739185.466506
1.2789	-0.4243	0.4243	45.0000	739185.466506
1.3950	-0.4243	0.4243	45.0000	739185.466506
1.5112	-0.4243	0.4243	45.0000	739185.466506
1.6273	-0.4243	0.4243	45.0000	739185.466506
1.7435	-0.4243	0.4243	45.0000	739185.466506
1.8601	-0.4243	0.4243	45.0000	739185.466506
1.9762	-0.4243	0.4243	45.0000	739185.466506
2.0927	-0.4243	0.4243	45.0000	739185.466506
2.2087	-0.4243	0.4243	45.0000	739185.466506
2.3250	-0.4243	0.4243	45.0000	739185.466506
2.4411	-0.7955	0.7955	45.0000	739185.466506
2.5575	-0.8485	0.8485	45.0000	739185.466506
2.6736	-0.8485	0.8485	45.0000	739185.466506
2.7898	-0.8485	0.8485	63.0000	739185.466506
2.9063	-0.8485	0.8485	84.0000	739185.466506
3.0223	-0.8485	0.8485	96.0000	739185.466506
3.1385	-0.8485	0.8485	96.0000	739185.466506
3.2549	-0.8485	0.8485	96.0000	739185.466506
3.3710	-0.8485	0.8485	96.0000	739185.466506
3.4873	-0.8485	0.8485	96.0000	739185.466506
3.6035	-0.8485	0.8485	96.0000	739185.466506
3.7197	-0.8485	0.8485	96.0000	739185.466506
3.8360	-0.8015	1.2961	96.0000	739185.466506
3.9523	-0.7466	1.8182	96.0000	739185.466506
4.0685	-0.6917	2.3403	96.0000	739185.466506
4.1846	-0.6369	2.8624	96.0000	739185.466506
4.3009	-0.5820	3.3846	96.0000	739185.466506
4.4171	-0.5271	3.9067	96.0000	739185.466506
4.5333	-0.4722	4.4288	96.0000	739185.466506
4.6495	-0.4173	4.9509	96.0000	739185.466506
4.7658	-0.4095	5.0255	96.0000	739185.466506
4.8820	-0.4095	5.0255	96.0000	739185.466506
4.9982	-0.4095	5.0255	75.0000	739185.466506
5.1145	-0.4095	5.0255	54.0000	739185.466506
5.2311	-0.4095	5.0255	33.0000	739185.466506
5.3470	-0.4095	5.0255	27.0000	739185.466506
5.4633	-0.8105	5.2298	27.0000	739185.466506
5.5794	-0.9441	5.2979	27.0000	739185.466506
5.6957	-0.9441	5.2979	27.0000	739185.466506
5.8119	-0.9441	5.2979	27.0000	739185.466506
5.9284	-1.1446	5.4001	27.0000	739185.466506
6.0445	-1.1446	5.4001	12.0000	739185.466506
6.1607	-1.1446	5.4001	-9.0000	739185.466506
6.2769	-1.1446	5.4001	-30.0000	739185.466506
6.3931	-1.1446	5.4001	-42.0000	739185.466506
6.5093	-1.3675	5.1993	-42.0000	739185.466506
6.6260	-1.7577	4.8480	-42.0000	739185.466506
6.7419	-1.9222	4.6946	-57.0000	739185.466506
6.8580	-1.9222	4.6946	-63.0000	739185.466506
6.9744	-1.9222	4.6946	-69.0000	739185.466506
7.0905	-1.9222	4.6946	-69.0000	739185.466506
7.2068	-1.9222	4.6946	-69.0000	739185.466506
7.3231	-1.9222	4.6946	-69.0000	739185.466506
7.4394	-2.1103	4.2045	-69.0000	739185.466506
7.5556	-2.2985	3.7144	-69.0000	739185.466506
7.6715	-2.4597	3.2943	-69.0000	739185.466506
7.7878	-2.4597	3.2943	-75.0000	739185.466506
7.9040	-2.4597	3.2943	-90.0000	739185.466506
8.0202	-2.4597	3.2943	-90.0000	739185.466506
8.1364	-2.4597	3.2943	-90.0000	739185.466506
8.2527	-2.4597	3.2943	-90.0000	739185.466506
8.3690	-2.4597	3.2943	-75.0000	739185.466506
8.4851	-2.4597	3.2943	-54.0000	739185.466506
8.6014	-2.4597	3.2943	-48.0000	739185.466506
8.7176	-2.4597	3.2943	-48.0000	739185.466506
8.8339	-2.4597	3.2943	-48.0000	739185.466506
8.9501	-2.4597	3.2943	-48.0000	739185.466506
9.0663	-2.4597	3.2943	-48.0000	739185.466506
9.1826	-2.4597	3.2943	-27.0000	739185.466506
9.2988	-2.4597	3.2943	-6.0000	739185.466506
9.4151	-2.4597	3.2943	15.0000	739185.466506
9.5314	-2.4597	3.2943	36.0000	739185.466506
9.6476	-2.4597	3.2943	57.0000	739185.466506
9.7638	-2.4947	3.4401	78.0000	739185.466506
9.8800	-2.6039	3.9536	78.0000	739185.466506
9.9962	-2.7506	4.4560	66.0000	739185.466506
10.1125	-3.0045	4.8254	45.0000	739185.466506
10.2287	-3.0628	4.8726	24.0000	739185.466506
10.3450	-3.0628	4.8726	3.0000	739185.466506
10.4612	-3.0628	4.8726	-18.0000	739185.466506
10.5774	-3.1927	4.7976	-30.0000	739185.466506
10.6938	-3.6474	4.5351	-30.0000	739185.466506
10.8100	-4.1020	4.2726	-30.0000	739185.466506
10.9262	-4.4457	4.1280	-12.0000	739185.466506
11.0423	-4.7443	4.1515	9.0000	739185.466506
11.1587	-4.8183	4.1633	9.0000	739185.466506
11.2749	-4.8183	4.1633	9.0000	739185.466506
11.3911	-4.8183	4.1633	9.0000	739185.466506
11.5074	-5.1146	4.2102	9.0000	739185.466506
11.6236	-5.4850	4.2689	9.0000	739185.466506
11.7398	-5.4850	4.2689	-6.0000	739185.466506
11.8562	-5.4850	4.2689	-27.0000	739185.466506
11.9724	-5.4850	4.2689	-48.0000	739185.466506
12.0886	-5.4850	4.2689	-69.0000	739185.466506
12.2048	-5.5006	4.1955	-78.0000	739185.466506
12.3211	-5.6098	3.6820	-78.0000	739185.466506
12.4373	-5.6410	3.5352	-87.0000	739185.466506
12.5536	-5.6410	3.5352	-108.0000	739185.466506
12.6697	-5.6410	3.5352	-129.0000	739185.466506
12.7859	-5.6410	3.5352	-150.0000	739185.466506
12.9022	-5.6410	3.5352	-171.0000	739185.466506
13.0188	-5.6410	3.5352	-171.0000	739185.466506
13.1348	-5.3447	3.4883	-171.0000	739185.466506
13.2510	-4.8261	3.4062	-171.0000	739185.466506
13.3672	-4.3076	3.3241	-171.0000	739185.466506
13.4835	-3.9372	3.2654	-171.0000	739185.466506
13.6003	-3.9372	3.2654	-171.0000	739185.466506
13.7159	-3.8631	3.2537	-171.0000	739185.466506
13.8322	-3.3446	3.1715	-171.0000	739185.466506
13.9484	-3.1964	3.1481	-171.0000	739185.466506
14.0646	-3.1964	3.1481	-171.0000	739185.466506
14.1809	-3.1964	3.1481	-171.0000	739185.466506
14.2971	-3.1964	3.1481	-171.0000	739185.466506
14.4134	-3.1964	3.1481	-153.0000	739185.466506
14.5296	-3.1964	3.1481	-147.0000	739185.466506
14.6458	-3.1964	3.1481	-147.0000	739185.466506
14.7620	-3.1335	3.1072	-147.0000	739185.466506
14.8782	-3.1335	3.1072	-138.0000	739185.466506
14.9783	-3.1335	3.1072	-120.0000	739185.466506
15.0942	-3.1335	3.1072	-99.0000	739185.466506
15.2105	-3.1335	3.1072	-90.0000	739185.466506
15.3267	-3.1335	3.1072	-90.0000	739185.466506
15.4428	-3.1335	3.1072	-90.0000	739185.466506
15.5591	-3.1335	3.1072	-90.0000	739185.466506
15.6592	-3.1335	3.1072	-90.0000	739185.466506
15.7755	-3.1335	3.1072	-90.0000	739185.466506
15.8914	-3.1335	3.1072	-90.0000	739185.466506
16.0078	-3.1335	3.1072	-90.0000	739185.466506
16.1240	-3.1335	3.1072	-90.0000	739185.466506
16.2402	-3.1335	3.1072	-90.0000	739185.466506
16.3567	-3.1335	3.1072	-90.0000	739185.466506
16.4727	-3.1335	3.1072	-90.0000	739185.466506
16.5889	-3.1335	3.1072	-90.0000	739185.466506
16.7052	-3.1335	3.1072	-90.0000	739185.466506
16.8215	-3.1335	3.1072	-90.0000	739185.466506
16.9380	-3.1335	3.1072	-90.0000	739185.466506
17.0541	-3.1335	3.1072	-90.0000	739185.466506
17.1702	-3.1335	3.1072	-90.0000	739185.466506
17.2864	-3.1335	3.1072	-90.0000	739185.466506
17.4025	-3.1335	3.1072	-90.0000	739185.466506
17.5188	-3.1335	3.1072	-90.0000	739185.466506
17.6351	-3.1335	3.1072	-90.0000	739185.466506
17.7513	-3.1335	3.1072	-90.0000	739185.466506
17.8676	-3.1335	3.1072	-90.0000	739185.466506
17.9837	-3.1335	3.1072	-90.0000	739185.466506
18.1001	-3.1335	3.1072	-90.0000	739185.466506
18.2164	-3.1335	3.1072	-90.0000	739185.466506
18.3327	-3.1335	3.1072	-90.0000	739185.466506
18.4488	-3.1335	3.1072	-90.0000	739185.466506
18.5651	-3.1335	3.1072	-90.0000	739185.466506
18.6813	-3.1335	3.1072	-90.0000	739185.466506
18.7974	-3.1335	3.1072	-90.0000	739185.466506
18.9139	-3.1335	3.1072	-90.0000	739185.466506
19.0302	-3.1335	3.1072	-90.0000	739185.466506
19.1463	-3.1335	3.1072	-90.0000	739185.466506
19.2623	-3.1335	3.1072	-90.0000	739185.466506
19.3787	-3.1335	3.1072	-90.0000	739185.466506
19.4950	-3.1335	3.1072	-90.0000	739185.466506
19.6112	-3.1335	3.1072	-90.0000	739185.466506
19.7275	-3.1335	3.1072	-90.0000	739185.466506
19.8439	-3.1335	3.1072	-90.0000	739185.466506
19.9599	-3.1335	3.1072	-90.0000	739185.466506
20.0760	-3.1335	3.1072	-90.0000	739185.466506
20.1922	-3.1335	3.1072	-90.0000	739185.466506
20.3086	-3.1335	3.1072	-90.0000	739185.466506
20.4251	-3.1335	3.1072	-90.0000	739185.466506
20.5411	-3.1335	3.1072	-90.0000	739185.466506
20.6573	-3.1335	3.1072	-90.0000	739185.466506
20.7735	-3.1335	3.1072	-90.0000	739185.466506
20.8899	-3.1335	3.1072	-90.0000	739185.466506
21.0061	-3.1335	3.1072	-90.0000	739185.466506
21.1223	-3.1335	3.1072	-90.0000	739185.466506
21.2385	-3.1335	3.1072	-90.0000	739185.466506
21.3548	-3.1335	3.1072	-90.0000	739185.466506
21.4713	-3.1335	3.1072	-90.0000	739185.466506
21.5873	-3.1335	3.1072	-90.0000	739185.466506
21.7034	-3.1335	3.1072	-90.0000	739185.466506
21.8198	-3.1335	3.1072	-90.0000	739185.466506
21.9361	-3.1335	3.1072	-90.0000	739185.466506
22.0522	-3.1335	3.1072	-90.0000	739185.466506
22.1684	-3.1335	3.1072	-90.0000	739185.466506
22.2847	-3.1335	3.1072	-90.0000	739185.466506
22.4009	-3.1335	3.1072	-90.0000	739185.466506
22.5172	-3.1335	3.1072	-90.0000	739185.466506
22.6333	-3.1335	3.1072	-90.0000	739185.466506
22.7497	-3.1335	3.1072	-90.0000	739185.466506
22.8660	-3.1335	3.1072	-90.0000	739185.466506
22.9821	-3.1335	3.1072	-90.0000	739185.466506
23.0983	-3.1335	3.1072	-90.0000	739185.466506
23.2146	-3.1335	3.1072	-90.0000	739185.466506
23.3308	-3.1335	3.1072	-90.0000	739185.466506
23.4471	-3.1335	3.1072	-90.0000	739185.466506
23.5636	-3.1335	3.1072	-90.0000	739185.466506
23.6794	-3.1335	3.1072	-90.0000	739185.466506
23.7958	-3.1335	3.1072	-90.0000	739185.466506
23.9120	-3.1335	3.1072	-90.0000	739185.466506
24.0284	-3.1335	3.1072	-90.0000	739185.466506
24.1444	-3.1335	3.1072	-90.0000	739185.466506
24.2606	-3.1335	3.1072	-90.0000	739185.466506
24.3769	-3.1335	3.1072	-90.0000	739185.466506
24.4933	-3.1335	3.1072	-90.0000	739185.466506
24.6094	-3.1335	3.1072	-90.0000	739185.466506
24.7257	-3.1335	3.1072	-90.0000	739185.466506
24.8420	-3.1335	3.1072	-90.0000	739185.466506
24.9581	-3.1335	3.1072	-90.0000	739185.466506
25.0744	-3.1335	3.1072	-90.0000	739185.466506
25.1904	-3.1335	3.1072	-90.0000	739185.466506
25.3066	-3.1335	3.1072	-90.0000	739185.466506
25.4229	-3.1335	3.1072	-90.0000	739185.466506
25.5390	-3.1335	3.1072	-90.0000	739185.466506
25.6553	-3.1335	3.1072	-90.0000	739185.466506
25.7715	-3.1335	3.1072	-90.0000	739185.466506
25.8878	-3.1335	3.1072	-90.0000	739185.466506
26.0044	-3.1335	3.1072	-90.0000	739185.466506
26.1203	-3.1335	3.1072	-90.0000	739185.466506
26.2365	-3.1335	3.1072	-90.0000	739185.466506
26.3527	-3.1335	3.1072	-90.0000	739185.466506
26.4691	-3.1335	3.1072	-90.0000	739185.466506
26.5855	-3.1335	3.1072	-90.0000	739185.466506
26.7014	-3.1335	3.1072	-90.0000	739185.466506
26.8177	-3.1335	3.1072	-90.0000	739185.466506
26.9339	-3.1335	3.1072	-90.0000	739185.466506
27.0503	-3.1335	3.1072	-90.0000	739185.466506
27.1664	-3.1335	3.1072	-90.0000	739185.466506
27.2826	-3.1335	3.1072	-90.0000	739185.466506
27.3989	-3.1335	3.1072	-90.0000	739185.466506
27.5152	-3.1335	3.1072	-90.0000	739185.466506
27.6314	-3.1335	3.1072	-90.0000	739185.466506
27.7476	-3.1335	3.1072	-90.0000	739185.466506
27.8640	-3.1335	3.1072	-90.0000	739185.466506
27.9801	-3.1335	3.1072	-90.0000	739185.466506
28.0963	-3.1335	3.1072	-90.0000	739185.466506
28.2125	-3.1335	3.1072	-90.0000	739185.466506
28.3289	-3.1335	3.1072	-90.0000	739185.466506
28.4453	-3.1335	3.1072	-90.0000	739185.466506
28.5612	-3.1335	3.1072	-90.0000	739185.466506
28.6775	-3.1335	3.1072	-90.0000	739185.466506
28.7937	-3.1335	3.1072	-90.0000	739185.466506
28.9100	-3.1335	3.1072	-90.0000	739185.466506
29.0263	-3.1335	3.1072	-90.0000	739185.466506
29.1428	-3.1335	3.1072	-90.0000	739185.466506
29.2587	-3.1335	3.1072	-90.0000	739185.466506
29.3750	-3.1335	3.1072	-90.0000	739185.466506
29.4913	-3.1335	3.1072	-90.0000	739185.466506
29.6074	-3.1335	3.1072	-90.0000	739185.466506
29.7240	-3.1335	3.1072	-90.0000	739185.466506
29.8399	-3.1335	3.1072	-90.0000	739185.466506
29.9562	-3.1335	3.1072	-90.0000	739185.466506
30.0724	-3.1335	3.1072	-90.0000	739185.466506
30.1886	-3.1335	3.1072	-90.0000	739185.466506
30.3049	-3.1335	3.1072	-90.0000	739185.466506
30.4212	-3.1335	3.1072	-90.0000	739185.466506
30.5373	-3.1335	3.1072	-90.0000	739185.466506
30.6536	-3.1335	3.1072	-90.0000	739185.466506
30.7698	-3.1335	3.1072	-90.0000	739185.466506
30.8861	-3.1335	3.1072	-90.0000	739185.466506
31.0024	-3.1335	3.1072	-90.0000	739185.466506
31.1185	-3.1335	3.1072	-90.0000	739185.466506
31.2347	-3.1335	3.1072	-90.0000	739185.466506
31.3510	-3.1335	3.1072	-90.0000	739185.466506
31.4672	-3.1335	3.1072	-90.0000	739185.466506
31.5835	-3.1335	3.1072	-90.0000	739185.466506
31.6999	-3.1335	3.1072	-90.0000	739185.466506
31.8160	-3.1335	3.1072	-90.0000	739185.466506
31.9322	-3.1335	3.1072	-90.0000	739185.466506
32.0484	-3.1335	3.1072	-90.0000	739185.466506
32.1647	-3.1335	3.1072	-90.0000	739185.466506
32.2812	-3.1335	3.1072	-90.0000	739185.466506
32.3971	-3.1335	3.1072	-90.0000	739185.466506
32.5134	-3.1335	3.1072	-90.0000	739185.466506
32.6296	-3.1335	3.1072	-90.0000	739185.466506
32.7460	-3.1335	3.1072	-90.0000	739185.466506
32.8621	-3.1335	3.1072	-90.0000	739185.466506
32.9783	-3.1335	3.1072	-90.0000	739185.466506
33.0946	-3.1335	3.1072	-90.0000	739185.466506
33.2108	-3.1335	3.1072	-90.0000	739185.466506
33.3271	-3.1335	3.1072	-90.0000	739185.466506
33.4434	-3.1335	3.1072	-90.0000	739185.466506
33.5596	-3.1335	3.1072	-90.0000	739185.466506
33.6598	-3.1335	3.1072	-90.0000	739185.466506
33.7754	-3.1335	3.1072	-90.0000	739185.466506
33.8916	-3.1335	3.1072	-90.0000	739185.466506
34.0079	-3.1335	3.1072	-90.0000	739185.466506
34.1241	-3.1335	3.1072	-90.0000	739185.466506
34.2404	-3.1335	3.1072	-90.0000	739185.466506
34.3566	-3.1335	3.1072	-90.0000	739185.466506
34.4729	-3.1335	3.1072	-90.0000	739185.466506
34.5891	-3.1335	3.1072	-90.0000	739185.466506
34.7054	-3.1335	3.1072	-90.0000	739185.466506
34.8216	-3.1335	3.1072	-90.0000	739185.466506
34.9379	-3.1335	3.1072	-90.0000	739185.466506
35.0379	-3.1335	3.1072	-90.0000	739185.466506
35.1542	-3.1335	3.1072	-90.0000	739185.466506
35.2702	-3.1335	3.1072	-90.0000	739185.466506
35.3865	-3.1335	3.1072	-90.0000	739185.466506
35.5028	-3.1335	3.1072	-90.0000	739185.466506
35.6190	-3.1335	3.1072	-90.0000	739185.466506
35.7350	-3.1335	3.1072	-90.0000	739185.466506
35.8514	-3.1335	3.1072	-90.0000	739185.466506
35.9676	-3.1335	3.1072	-90.0000	739185.466506
36.0840	-3.1335	3.1072	-90.0000	739185.466506
36.2001	-3.1335	3.1072	-90.0000	739185.466506
36.3166	-3.1335	3.1072	-90.0000	739185.466506
36.4326	-3.1335	3.1072	-90.0000	739185.466506
36.5487	-3.1335	3.1072	-90.0000	739185.466506
36.6652	-3.1335	3.1072	-90.0000	739185.466506
36.7815	-3.1335	3.1072	-90.0000	739185.466506
36.8975	-3.1335	3.1072	-90.0000	739185.466506
37.0138	-3.1335	3.1072	-90.0000	739185.466506
37.1300	-3.1335	3.1072	-90.0000	739185.466506
37.2463	-3.1335	3.1072	-90.0000	739185.466506
37.3625	-3.1335	3.1072	-90.0000	739185.466506
37.4788	-3.1335	3.1072	-90.0000	739185.466506
37.5952	-3.1335	3.1072	-90.0000	739185.466506
37.7112	-3.1335	3.1072	-90.0000	739185.466506
37.8274	-3.1335	3.1072	-90.0000	739185.466506
37.9437	-3.1335	3.1072	-90.0000	739185.466506
38.0600	-3.1335	3.1072	-90.0000	739185.466506
38.1764	-3.1335	3.1072	-90.0000	739185.466506
38.2923	-3.1335	3.1072	-90.0000	739185.466506
38.4086	-3.1335	3.1072	-90.0000	739185.466506
38.5249	-3.1335	3.1072	-90.0000	739185.466506
38.6411	-3.1335	3.1072	-90.0000	739185.466506
38.7573	-3.1335	3.1072	-90.0000	739185.466506
38.8736	-3.1335	3.1072	-90.0000	739185.466506
38.9899	-3.1335	3.1072	-90.0000	739185.466506
39.1061	-3.1335	3.1072	-90.0000	739185.466506
39.2224	-3.1335	3.1072	-90.0000	739185.466506
39.3388	-3.1335	3.1072	-90.0000	739185.466506
39.4548	-3.1335	3.1072	-90.0000	739185.466506
39.5711	-3.1335	3.1072	-90.0000	739185.466506
39.6872	-3.1335	3.1072	-90.0000	739185.466506
39.8036	-3.1335	3.1072	-90.0000	739185.466506
39.9197	-3.1335	3.1072	-90.0000	739185.466506
40.0360	-3.1335	3.1072	-90.0000	739185.466506
40.1524	-3.1335	3.1072	-90.0000	739185.466506
40.2684	-3.1335	3.1072	-90.0000	739185.466506
40.3850	-3.1335	3.1072	-90.0000	739185.466506
40.5010	-3.1335	3.1072	-90.0000	739185.466506
40.6172	-3.1335	3.1072	-90.0000	739185.466506
40.7335	-3.1335	3.1072	-90.0000	739185.466506
40.8497	-3.1335	3.1072	-90.0000	739185.466506
40.9658	-3.1335	3.1072	-90.0000	739185.466506
41.0822	-3.1335	3.1072	-90.0000	739185.466506
41.1985	-3.1335	3.1072	-90.0000	739185.466506
41.3147	-3.1335	3.1072	-90.0000	739185.466506
41.4308	-3.1335	3.1072	-90.0000	739185.466506
41.5471	-3.1335	3.1072	-90.0000	739185.466506
41.6636	-3.1335	3.1072	-90.0000	739185.466506
41.7796	-3.1335	3.1072	-90.0000	739185.466506
41.8958	-3.1335	3.1072	-90.0000	739185.466506
42.0121	-3.1335	3.1072	-90.0000	739185.466506
42.1284	-3.1335	3.1072	-90.0000	739185.466506
42.2446	-3.1335	3.1072	-90.0000	739185.466506
42.3608	-3.1335	3.1072	-90.0000	739185.466506
42.4770	-3.1335	3.1072	-90.0000	739185.466506
42.5933	-3.1335	3.1072	-90.0000	739185.466506
42.7094	-3.1335	3.1072	-90.0000	739185.466506
42.8254	-3.1335	3.1072	-90.0000	739185.466506
42.9417	-3.1335	3.1072	-90.0000	739185.466506
43.0580	-3.1335	3.1072	-90.0000	739185.466506
43.1741	-3.1335	3.1072	-90.0000	739185.466506
43.2907	-3.1335	3.1072	-90.0000	739185.466506
43.4067	-3.1335	3.1072	-90.0000	739185.466506
43.5233	-3.1335	3.1072	-90.0000	739185.466506
43.6391	-3.1335	3.1072	-90.0000	739185.466506
43.7553	-3.1335	3.1072	-90.0000	739185.466506
43.8716	-3.1335	3.1072	-90.0000	739185.466506
43.9878	-3.1335	3.1072	-90.0000	739185.466506
44.0879	-3.1335	3.1072	-90.0000	739185.466506
44.2037	-3.1335	3.1072	-90.0000	739185.466506
44.3199	-3.1335	3.1072	-90.0000	739185.466506
44.4362	-3.1335	3.1072	-90.0000	739185.466506
44.5524	-3.1335	3.1072	-90.0000	739185.466506
44.6689	-3.1335	3.1072	-90.0000	739185.466506
44.7849	-3.1335	3.1072	-90.0000	739185.466506
44.9011	-3.1335	3.1072	-90.0000	739185.466506
45.0174	-3.1335	3.1072	-90.0000	739185.466506
45.1337	-3.1335	3.1072	-90.0000	739185.466506
45.2501	-3.1335	3.1072	-90.0000	739185.466506
45.3661	-3.1335	3.1072	-90.0000	739185.466506
45.4823	-3.1335	3.1072	-90.0000	739185.466506
45.5987	-3.1335	3.1072	-90.0000	739185.466506
45.7148	-3.1335	3.1072	-90.0000	739185.466506
45.8311	-3.1335	3.1072	-90.0000	739185.466506
45.9473	-3.1335	3.1072	-90.0000	739185.466506
46.0636	-3.1335	3.1072	-90.0000	739185.466506
46.1798	-3.1335	3.1072	-90.0000	739185.466506
46.2960	-3.1335	3.1072	-90.0000	739185.466506
46.4123	-3.1335	3.1072	-90.0000	739185.466506
46.5285	-3.1335	3.1072	-90.0000	739185.466506
46.6447	-3.1335	3.1072	-90.0000	739185.466506
46.7609	-3.1335	3.1072	-90.0000	739185.466506
46.8773	-3.1335	3.1072	-90.0000	739185.466506
46.9935	-3.1335	3.1072	-90.0000	739185.466506
47.1096	-3.1335	3.1072	-90.0000	739185.466506
47.2262	-3.1335	3.1072	-90.0000	739185.466506
47.3422	-3.1335	3.1072	-90.0000	739185.466506
47.4583	-3.1335	3.1072	-90.0000	739185.466506
47.5748	-3.1335	3.1072	-90.0000	739185.466506
47.6909	-3.1335	3.1072	-90.0000	739185.466506
47.8075	-3.1335	3.1072	-90.0000	739185.466506
47.9235	-3.1335	3.1072	-90.0000	739185.466506
48.0397	-3.1335	3.1072	-90.0000	739185.466506
48.1560	-3.1335	3.1072	-90.0000	739185.466506
48.2720	-3.1335	3.1072	-90.0000	739185.466506
48.3882	-3.1335	3.1072	-90.0000	739185.466506
48.5047	-3.1335	3.1072	-90.0000	739185.466506
48.6050	-3.1335	3.1072	-90.0000	739185.466506
48.7211	-3.1335	3.1072	-90.0000	739185.466506
48.8374	-3.1335	3.1072	-90.0000	739185.466506
48.9535	-3.1335	3.1072	-90.0000	739185.466506
49.0695	-3.1335	3.1072	-90.0000	739185.466506
49.1859	-3.1335	3.1072	-90.0000	739185.466506
49.3021	-3.1335	3.1072	-90.0000	739185.466506
49.4182	-3.1335	3.1072	-90.0000	739185.466506
49.5345	-3.1335	3.1072	-90.0000	739185.466506
49.6508	-3.1335	3.1072	-90.0000	739185.466506
49.7670	-3.1335	3.1072	-90.0000	739185.466506
49.8833	-3.1335	3.1072	-90.0000	739185.466506
49.9994	-3.1335	3.1072	-90.0000	739185.466506
50.1158	-3.1335	3.1072	-90.0000	739185.466506
50.2319	-3.1335	3.1072	-90.0000	739185.466506
50.3479	-3.1335	3.1072	-90.0000	739185.466506
50.4644	-3.1335	3.1072	-90.0000	739185.466506
50.5807	-3.1335	3.1072	-90.0000	739185.466506
50.6969	-3.1335	3.1072	-90.0000	739185.466506
50.8134	-3.1335	3.1072	-90.0000	739185.466506
50.9293	-3.1335	3.1072	-90.0000	739185.466506
51.0458	-3.1335	3.1072	-90.0000	739185.466506
51.1624	-3.1335	3.1072	-90.0000	739185.466506
51.2782	-3.1335	3.1072	-90.0000	739185.466506
51.3945	-3.1335	3.1072	-90.0000	739185.466506
51.5109	-3.1335	3.1072	-90.0000	739185.466506
51.6269	-3.1335	3.1072	-90.0000	739185.466506
51.7432	-3.1335	3.1072	-90.0000	739185.466506
51.8591	-3.1335	3.1072	-90.0000	739185.466506
51.9757	-3.1335	3.1072	-90.0000	739185.466506
52.0917	-3.1335	3.1072	-90.0000	739185.466506
52.2079	-3.1335	3.1072	-90.0000	739185.466506
52.3242	-3.1335	3.1072	-90.0000	739185.466506
52.4404	-3.1335	3.1072	-90.0000	739185.466506
52.5568	-3.1335	3.1072	-90.0000	739185.466506
52.6729	-3.1335	3.1072	-90.0000	739185.466506
52.7892	-3.1335	3.1072	-90.0000	739185.466506
52.9057	-3.1335	3.1072	-90.0000	739185.466506
53.0218	-3.1335	2.8822	-90.0000	739185.466506
53.1382	-3.1335	2.3572	-90.0000	739185.466506
53.2543	-3.1335	1.8322	-90.0000	739185.466506
53.3704	-3.1335	1.3072	-90.0000	739185.466506
53.4865	-3.1375	1.2323	-69.0000	739185.466506
53.6031	-3.1375	1.2323	-63.0000	739185.466506
53.7197	-3.1375	1.2323	-63.0000	739185.466506
53.8355	-3.1375	1.2323	-63.0000	739185.466506
53.9518	-3.1375	1.2323	-63.0000	739185.466506
54.0680	-3.1375	1.2323	-63.0000	739185.466506
54.1842	-3.1375	1.2323	-63.0000	739185.466506
54.3005	-3.1375	1.2323	-63.0000	739185.466506
54.4168	-3.1375	1.2323	-63.0000	739185.466506
54.5331	-3.1375	1.2323	-63.0000	739185.466506
54.6493	-3.1375	1.2323	-63.0000	739185.466506
54.7654	-3.1375	1.2323	-63.0000	739185.466506
54.8816	-3.1375	1.2323	-63.0000	739185.466506
54.9979	-3.1375	1.2323	-63.0000	739185.466506
55.1141	-3.1375	1.2323	-63.0000	739185.466506
55.2304	-3.1375	1.2323	-63.0000	739185.466506
55.3464	-3.1375	1.2323	-63.0000	739185.466506
55.4629	-3.1375	1.2323	-63.0000	739185.466506
55.5788	-3.1375	1.2323	-63.0000	739185.466506
55.6951	-3.1375	1.2323	-63.0000	739185.466506
55.8115	-3.1375	1.2323	-63.0000	739185.466506
55.9277	-3.1375	1.2323	-63.0000	739185.466506
56.0440	-3.1375	1.2323	-63.0000	739185.466506
56.1603	-3.1375	1.2323	-63.0000	739185.466506
56.2766	-3.1375	1.2323	-63.0000	739185.466506
56.3926	-3.1375	1.2323	-63.0000	739185.466506
56.5088	-3.1375	1.2323	-63.0000	739185.466506
56.6254	-3.1375	1.2323	-63.0000	739185.466506
56.7412	-3.1375	1.2323	-63.0000	739185.466506
56.8578	-3.1375	1.2323	-63.0000	739185.466506
56.9740	-3.1375	1.2323	-63.0000	739185.466506
57.0900	-3.1375	1.2323	-63.0000	739185.466506
57.2065	-3.3077	0.8982	-63.0000	739185.466506
57.3226	-3.4099	0.6977	-60.0000	739185.466506
57.4391	-3.4099	0.6977	-39.0000	739185.466506
57.5550	-3.4099	0.6977	-21.0000	739185.466506
57.6716	-3.4099	0.6977	-21.0000	739185.466506
57.7878	-3.4099	0.6977	-3.0000	739185.466506
57.9036	-3.4099	0.6977	3.0000	739185.466506
58.0202	-3.4848	0.7016	3.0000	739185.466506
58.1363	-4.0090	0.7291	3.0000	739185.466506
58.2524	-4.5333	0.7566	3.0000	739185.466506
58.3690	-5.0576	0.7841	3.0000	739185.466506
58.4850	-5.5769	0.7295	-15.0000	739185.466506
58.6012	-5.8536	0.6149	-36.0000	739185.466506
58.7176	-5.8536	0.6149	-45.0000	739185.466506
58.8339	-5.8536	0.6149	-45.0000	739185.466506
58.9501	-5.8536	0.6149	-63.0000	739185.466506
59.0661	-5.8536	0.6149	-75.0000	739185.466506
59.1826	-5.8536	0.6149	-75.0000	739185.466506
59.2987	-5.8536	0.6149	-75.0000	739185.466506
59.4150	-5.8536	0.6149	-75.0000	739185.466506
59.5310	-5.8536	0.4649	-90.0000	739185.466506
59.6474	-5.8536	0.1649	-90.0000	739185.466506
59.7634	-5.8536	0.1649	-78.0000	739185.466506
59.8799	-5.8536	0.1649	-57.0000	739185.466506
59.9959	-5.8536	0.1649	-36.0000	739185.466506
60.1122	-5.9221	0.1344	-15.0000	739185.466506
60.2286	-6.1458	0.1109	-6.0000	739185.466506
60.3444	-6.1458	0.1109	-6.0000	739185.466506
60.4606	-6.1458	0.1109	-6.0000	739185.466506
60.5768	-6.1458	0.1109	-6.0000	739185.466506
60.6931	-6.1458	0.1109	-6.0000	739185.466506
60.8092	-6.1458	0.1109	-6.0000	739185.466506
60.9255	-6.1458	0.1109	-6.0000	739185.466506
61.0417	-6.2199	0.0991	-12.0000	739185.466506
61.1579	-6.2199	0.0991	-33.0000	739185.466506
0.1166	0.0000	0.0000	45.0000	739185.541611
0.2328	0.0000	0.0000	45.0000	739185.541611
0.3489	0.0000	0.0000	45.0000	739185.541611
0.4653	0.0000	0.0000	45.0000	739185.541611
0.5813	0.0000	0.0000	45.0000	739185.541611
0.6975	0.0000	0.0000	45.0000	739185.541611
0.8138	0.0000	0.0000	45.0000	739185.541611
0.9300	0.0000	0.0000	45.0000	739185.541611
1.0463	0.0000	0.0000	45.0000	739185.541611
1.1625	0.0000	0.0000	45.0000	739185.541611
1.2787	0.0000	0.0000	45.0000	739185.541611
1.3950	0.0000	0.0000	45.0000	739185.541611
1.5112	0.0000	0.0000	45.0000	739185.541611
1.6274	0.0000	0.0000	45.0000	739185.541611
1.7440	0.0000	0.0000	45.0000	739185.541611
1.8600	0.0000	0.0000	45.0000	739185.541611
1.9761	0.0000	0.0000	45.0000	739185.541611
2.0924	0.0000	0.0000	45.0000	739185.541611
2.2087	0.0000	0.0000	45.0000	739185.541611
2.3249	0.0000	0.0000	45.0000	739185.541611
2.4411	0.0000	0.0000	45.0000	739185.541611
2.5411	0.0000	0.0000	45.0000	739185.541611
2.6573	0.0000	0.0000	45.0000	739185.541611
2.7737	0.0000	0.0000	45.0000	739185.541611
2.8899	0.0000	0.0000	45.0000	739185.541611
3.0063	0.0000	0.0000	45.0000	739185.541611
3.1224	0.0000	0.0000	45.0000	739185.541611
3.2385	0.0000	0.0000	45.0000	739185.541611
3.3548	0.0000	0.0000	45.0000	739185.541611
3.4710	0.0000	0.0000	45.0000	739185.541611
3.5873	0.0000	0.0000	45.0000	739185.541611
3.7035	0.0000	0.0000	45.0000	739185.541611
3.8197	0.0000	0.0000	45.0000	739185.541611
3.9360	0.0000	0.0000	45.0000	739185.541611
4.0522	0.0000	0.0000	45.0000	739185.541611
4.1684	0.0000	0.0000	45.0000	739185.541611
4.2847	0.0000	0.0000	45.0000	739185.541611
4.4009	0.0000	0.0000	45.0000	739185.541611
4.5172	0.0000	0.0000	45.0000	739185.541611
4.6334	0.0000	0.0000	45.0000	739185.541611
4.7497	0.0000	0.0000	45.0000	739185.541611
4.8659	0.0000	0.0000	45.0000	739185.541611
4.9820	0.0000	0.0000	45.0000	739185.541611
5.0984	-0.1591	0.1591	45.0000	739185.541611
5.2146	-0.4243	0.4243	45.0000	739185.541611
5.3308	-0.4243	0.4243	45.0000	739185.541611
5.4470	-0.4243	0.4243	45.0000	739185.541611
5.5632	-0.4243	0.4243	54.0000	739185.541611
5.6795	-0.4243	0.4243	69.0000	739185.541611
5.7957	-0.4243	0.4243	69.0000	739185.541611
5.9120	-0.4243	0.4243	69.0000	739185.541611
6.0284	-0.4243	0.4243	72.0000	739185.541611
6.1446	-0.4243	0.4243	84.0000	739185.541611
6.2608	-0.4243	0.4243	84.0000	739185.541611
6.3769	-0.4713	0.8718	84.0000	739185.541611
6.4932	-0.5262	1.3939	84.0000	739185.541611
6.6094	-0.5811	1.9160	84.0000	739185.541611
6.7257	-0.6281	2.3636	84.0000	739185.541611
6.8420	-0.6281	2.3636	105.0000	739185.541611
6.9580	-0.6281	2.3636	108.0000	739185.541611
7.0747	-0.6281	2.3636	108.0000	739185.541611
7.1907	-0.6281	2.3636	108.0000	739185.541611
7.3070	-0.6281	2.3636	108.0000	739185.541611
7.4232	-0.6281	2.3636	108.0000	739185.541611
7.5393	-0.6281	2.3636	108.0000	739185.541611
7.6556	-0.6281	2.3636	102.0000	739185.541611
7.7718	-0.6281	2.3636	102.0000	739185.541611
7.8880	-0.6281	2.3636	102.0000	739185.541611
8.0043	-0.6281	2.3636	102.0000	739185.541611
8.1205	-0.6281	2.3636	102.0000	739185.541611
8.2371	-0.6281	2.3636	102.0000	739185.541611
8.3530	-0.6281	2.3636	102.0000	739185.541611
8.4692	-0.6281	2.3636	102.0000	739185.541611
8.5854	-0.6281	2.3636	102.0000	739185.541611
8.7017	-0.6281	2.3636	102.0000	739185.541611
8.8180	-0.6281	2.3636	102.0000	739185.541611
8.9343	-0.6281	2.3636	102.0000	739185.541611
9.0505	-0.6281	2.3636	102.0000	739185.541611
9.1667	-0.6281	2.3636	102.0000	739185.541611
9.2829	-0.6281	2.3636	102.0000	739185.541611
9.3994	-0.6281	2.3636	102.0000	739185.541611
9.5155	-0.6281	2.3636	102.0000	739185.541611
9.6317	-0.6281	2.3636	102.0000	739185.541611
9.7478	-0.6281	2.3636	102.0000	739185.541611
9.8641	-0.6281	2.3636	111.0000	739185.541611
9.9803	-0.6281	2.3636	114.0000	739185.541611
10.0967	-0.6281	2.3636	114.0000	739185.541611
10.2128	-0.6281	2.3636	114.0000	739185.541611
10.3291	-0.6281	2.3636	114.0000	739185.541611
10.4455	-0.6281	2.3636	114.0000	739185.541611
10.5618	-0.6281	2.3636	114.0000	739185.541611
10.6777	-0.6281	2.3636	114.0000	739185.541611
10.7941	-0.6281	2.3636	114.0000	739185.541611
10.9103	-0.6281	2.3636	114.0000	739185.541611
11.0266	-0.6281	2.3636	114.0000	739185.541611
11.1426	-0.6281	2.3636	114.0000	739185.541611
11.2593	-0.6281	2.3636	114.0000	739185.541611
11.3755	-0.6281	2.3636	114.0000	739185.541611
11.4917	-0.6281	2.3636	114.0000	739185.541611
11.6080	-0.6281	2.3636	114.0000	739185.541611
11.7239	-0.6281	2.3636	114.0000	739185.541611
11.8402	-0.6281	2.3636	114.0000	739185.541611
11.9563	-0.6281	2.3636	114.0000	739185.541611
12.0730	-0.6281	2.3636	114.0000	739185.541611
12.1889	-0.6281	2.3636	114.0000	739185.541611
12.3051	-0.6281	2.3636	105.0000	739185.541611
12.4213	-0.6281	2.3636	84.0000	739185.541611
12.5375	-0.6281	2.3636	69.0000	739185.541611
12.6538	-0.6281	2.3636	69.0000	739185.541611
12.7703	-0.6281	2.3636	84.0000	739185.541611
12.8865	-0.6281	2.3636	90.0000	739185.541611
13.0025	-0.6281	2.3636	90.0000	739185.541611
13.1189	-0.6281	2.3636	90.0000	739185.541611
13.2351	-0.6281	2.3636	90.0000	739185.541611
13.3514	-0.6281	2.3636	90.0000	739185.541611
13.4676	-0.6281	2.3636	90.0000	739185.541611
13.5839	-0.6281	2.3636	90.0000	739185.541611
13.7000	-0.6281	2.5136	90.0000	739185.541611
13.8159	-0.6281	3.0386	90.0000	739185.541611
13.9325	-0.6281	3.5636	90.0000	739185.541611
14.0484	-0.6281	4.0886	90.0000	739185.541611
14.1647	-0.6281	4.6136	90.0000	739185.541611
14.2809	-0.6281	5.1386	90.0000	739185.541611
14.3971	-0.6281	5.6636	90.0000	739185.541611
14.5135	-0.6320	5.8135	72.0000	739185.541611
14.6297	-0.6320	5.8135	51.0000	739185.541611
14.7459	-0.6320	5.8135	30.0000	739185.541611
14.8621	-0.6320	5.8135	9.0000	739185.541611
14.9784	-0.6320	5.8135	-12.0000	739185.541611
15.0946	-0.8460	5.7440	-18.0000	739185.541611
15.2108	-1.3453	5.5817	-18.0000	739185.541611
15.3270	-1.8433	5.4158	-21.0000	739185.541611
15.4433	-1.8433	5.4158	-42.0000	739185.541611
15.5595	-1.8433	5.4158	-63.0000	739185.541611
15.6758	-1.8433	5.4158	-84.0000	739185.541611
15.7920	-1.8276	5.1162	-93.0000	739185.541611
15.9085	-1.8001	4.5919	-93.0000	739185.541611
16.0244	-1.7727	4.0676	-93.0000	739185.541611
16.1407	-1.7452	3.5434	-93.0000	739185.541611
16.2569	-1.7177	3.0191	-93.0000	739185.541611
16.3733	-1.7138	2.9442	-78.0000	739185.541611
16.4897	-1.7138	2.9442	-57.0000	739185.541611
16.6057	-1.7138	2.9442	-36.0000	739185.541611
16.7220	-1.7138	2.9442	-27.0000	739185.541611
16.8381	-1.7138	2.9442	-27.0000	739185.541611
16.9543	-1.7138	2.9442	-9.0000	739185.541611
17.0707	-1.7138	2.9442	12.0000	739185.541611
17.1870	-1.7138	2.9442	33.0000	739185.541611
17.2871	-2.0419	3.2501	48.0000	739185.541611
17.4028	-2.3932	3.6403	48.0000	739185.541611
17.5190	-2.4434	3.6960	36.0000	739185.541611
17.6351	-2.4434	3.6960	21.0000	739185.541611
17.7515	-2.4434	3.6960	15.0000	739185.541611
17.8679	-2.4434	3.6960	-3.0000	739185.541611
17.9840	-2.4434	3.6960	-24.0000	739185.541611
18.1001	-2.4434	3.6960	-42.0000	739185.541611
18.2164	-2.4434	3.6960	-42.0000	739185.541611
18.3327	-2.4434	3.6960	-42.0000	739185.541611
18.4489	-2.4434	3.6960	-48.0000	739185.541611
18.5489	-2.4434	3.6960	-66.0000	739185.541611
18.6648	-2.4434	3.6960	-87.0000	739185.541611
18.7810	-2.4434	3.6960	-90.0000	739185.541611
18.8973	-2.4434	3.6960	-90.0000	739185.541611
19.0134	-2.4434	3.6960	-90.0000	739185.541611
19.1299	-2.4434	3.6960	-78.0000	739185.541611
19.2460	-2.4434	3.6960	-63.0000	739185.541611
19.3462	-2.4434	3.6960	-63.0000	739185.541611
19.4622	-2.4434	3.6960	-60.0000	739185.541611
19.5786	-2.4434	3.6960	-39.0000	739185.541611
19.6943	-2.4434	3.6960	-18.0000	739185.541611
19.8105	-2.4434	3.6960	3.0000	739185.541611
19.9272	-2.4434	3.6960	24.0000	739185.541611
20.0430	-2.4434	3.6960	45.0000	739185.541611
20.1594	-2.6321	3.9292	51.0000	739185.541611
20.2756	-2.9625	4.3372	51.0000	739185.541611
20.3917	-3.1543	4.5678	39.0000	739185.541611
20.5081	-3.1543	4.5678	18.0000	739185.541611
20.6242	-3.2293	4.5678	0.0000	739185.541611
20.7404	-3.7543	4.5678	0.0000	739185.541611
20.8567	-4.2793	4.5678	0.0000	739185.541611
20.9729	-4.8043	4.5678	0.0000	739185.541611
21.0892	-5.3292	4.5638	-3.0000	739185.541611
21.2055	-5.4038	4.5560	-24.0000	739185.541611
21.3217	-5.4038	4.5560	-45.0000	739185.541611
21.4379	-5.4038	4.5560	-66.0000	739185.541611
21.5541	-5.4350	4.4093	-78.0000	739185.541611
21.6704	-5.5442	3.8958	-78.0000	739185.541611
21.7866	-5.5597	3.8224	-78.0000	739185.541611
21.9033	-5.5597	3.8224	-99.0000	739185.541611
22.0190	-5.5597	3.8224	-120.0000	739185.541611
22.1353	-5.5597	3.8224	-141.0000	739185.541611
22.2515	-5.3266	3.6336	-141.0000	739185.541611
22.3678	-4.9186	3.3032	-141.0000	739185.541611
22.4843	-4.8603	3.2560	-144.0000	739185.541611
22.6002	-4.8603	3.2560	-165.0000	739185.541611
22.7165	-4.8603	3.2560	-186.0000	739185.541611
22.8328	-4.8603	3.2560	-189.0000	739185.541611
22.9490	-4.6381	3.2912	-189.0000	739185.541611
23.0656	-4.1195	3.3733	-189.0000	739185.541611
23.1815	-3.6010	3.4555	-189.0000	739185.541611
23.2977	-3.3047	3.5024	-189.0000	739185.541611
23.4139	-3.3047	3.5024	-189.0000	739185.541611
23.5302	-3.3047	3.5024	-174.0000	739185.541611
23.6464	-3.3047	3.5024	-153.0000	739185.541611
23.7626	-3.3047	3.5024	-153.0000	739185.541611
23.8789	-3.3047	3.5024	-141.0000	739185.541611
23.9951	-3.3047	3.5024	-138.0000	739185.541611
24.1115	-3.3047	3.5024	-138.0000	739185.541611
24.2276	-3.3047	3.5024	-132.0000	739185.541611
24.3439	-3.3047	3.5024	-132.0000	739185.541611
24.4605	-3.3047	3.5024	-129.0000	739185.541611
24.5763	-3.3047	3.5024	-120.0000	739185.541611
24.6925	-3.3047	3.5024	-117.0000	739185.541611
24.8089	-3.3047	3.5024	-102.0000	739185.541611
24.9250	-3.3047	3.5024	-102.0000	739185.541611
25.0415	-3.3047	3.5024	-87.0000	739185.541611
25.1575	-3.3047	3.5024	-87.0000	739185.541611
25.2737	-3.3047	3.5024	-87.0000	739185.541611
25.3900	-3.3047	3.5024	-87.0000	739185.541611
25.5063	-3.3047	3.5024	-87.0000	739185.541611
25.6225	-3.3047	3.5024	-96.0000	739185.541611
25.7387	-3.3047	3.5024	-96.0000	739185.541611
25.8549	-3.3047	3.5024	-96.0000	739185.541611
25.9712	-3.3047	3.5024	-96.0000	739185.541611
26.0875	-3.3047	3.5024	-96.0000	739185.541611
26.2037	-3.3047	3.5024	-96.0000	739185.541611
26.3199	-3.3047	3.5024	-96.0000	739185.541611
26.4362	-3.3047	3.5024	-96.0000	739185.541611
26.5525	-3.3047	3.5024	-96.0000	739185.541611
26.6687	-3.3047	3.5024	-96.0000	739185.541611
26.7849	-3.3047	3.5024	-96.0000	739185.541611
26.9012	-3.3047	3.5024	-96.0000	739185.541611
27.0176	-3.3047	3.5024	-96.0000	739185.541611
27.1335	-3.3047	3.5024	-96.0000	739185.541611
27.2498	-3.3047	3.5024	-96.0000	739185.541611
27.3660	-3.3047	3.5024	-96.0000	739185.541611
27.4823	-3.3047	3.5024	-96.0000	739185.541611
27.5987	-3.3047	3.5024	-96.0000	739185.541611
27.7147	-3.3047	3.5024	-96.0000	739185.541611
27.8311	-3.3047	3.5024	-96.0000	739185.541611
27.9473	-3.3047	3.5024	-96.0000	739185.541611
28.0636	-3.3047	3.5024	-96.0000	739185.541611
28.1797	-3.3047	3.5024	-96.0000	739185.541611
28.2959	-3.3047	3.5024	-96.0000	739185.541611
28.4122	-3.3047	3.5024	-96.0000	739185.541611
28.5285	-3.3047	3.5024	-96.0000	739185.541611
28.6449	-3.3047	3.5024	-96.0000	739185.541611
28.7610	-3.3047	3.5024	-96.0000	739185.541611
28.8771	-3.3047	3.5024	-96.0000	739185.541611
28.9934	-3.3047	3.5024	-96.0000	739185.541611
29.1097	-3.3047	3.5024	-96.0000	739185.541611
29.2259	-3.3047	3.5024	-96.0000	739185.541611
29.3421	-3.3047	3.5024	-96.0000	739185.541611
29.4584	-3.3047	3.5024	-96.0000	739185.541611
29.5752	-3.3047	3.5024	-96.0000	739185.541611
29.6908	-3.3047	3.5024	-90.0000	739185.541611
29.8070	-3.3047	3.5024	-90.0000	739185.541611
29.9234	-3.3047	3.5024	-90.0000	739185.541611
30.0396	-3.3047	3.5024	-90.0000	739185.541611
30.1560	-3.3047	3.5024	-90.0000	739185.541611
30.2721	-3.3047	3.5024	-90.0000	739185.541611
30.3882	-3.3047	3.5024	-90.0000	739185.541611
30.5045	-3.3047	3.5024	-90.0000	739185.541611
30.6207	-3.3047	3.5024	-90.0000	739185.541611
30.7369	-3.3047	3.5024	-90.0000	739185.541611
30.8533	-3.3047	3.5024	-90.0000	739185.541611
30.9535	-3.3047	3.5024	-90.0000	739185.541611
31.0691	-3.3047	3.5024	-90.0000	739185.541611
31.1692	-3.3047	3.5024	-90.0000	739185.541611
31.2854	-3.3047	3.5024	-90.0000	739185.541611
31.4017	-3.3047	3.5024	-90.0000	739185.541611
31.5179	-3.3047	3.5024	-90.0000	739185.541611
31.6340	-3.3047	3.5024	-90.0000	739185.541611
31.7505	-3.3047	3.5024	-90.0000	739185.541611
31.8665	-3.3047	3.5024	-90.0000	739185.541611
31.9827	-3.3047	3.5024	-90.0000	739185.541611
32.0991	-3.3047	3.5024	-90.0000	739185.541611
32.2152	-3.3047	3.5024	-90.0000	739185.541611
32.3316	-3.3047	3.5024	-90.0000	739185.541611
32.4477	-3.3047	3.5024	-90.0000	739185.541611
32.5639	-3.3047	3.5024	-90.0000	739185.541611
32.6800	-3.3047	3.5024	-90.0000	739185.541611
32.7963	-3.3047	3.5024	-90.0000	739185.541611
32.9127	-3.3047	3.5024	-90.0000	739185.541611
33.0289	-3.3047	3.5024	-90.0000	739185.541611
33.1453	-3.3047	3.5024	-90.0000	739185.541611
33.2614	-3.3047	3.5024	-90.0000	739185.541611
33.3776	-3.3047	3.5024	-90.0000	739185.541611
33.4939	-3.3047	3.5024	-90.0000	739185.541611
33.6100	-3.3047	3.5024	-90.0000	739185.541611
33.7263	-3.3047	3.5024	-90.0000	739185.541611
33.8426	-3.3047	3.5024	-90.0000	739185.541611
33.9588	-3.3047	3.5024	-90.0000	739185.541611
34.0750	-3.3047	3.5024	-90.0000	739185.541611
34.1912	-3.3047	3.5024	-90.0000	739185.541611
34.3075	-3.3047	3.5024	-90.0000	739185.541611
34.4237	-3.3047	3.5024	-90.0000	739185.541611
34.5399	-3.3047	3.5024	-90.0000	739185.541611
34.6562	-3.3047	3.5024	-90.0000	739185.541611
34.7724	-3.3047	3.5024	-90.0000	739185.541611
34.8887	-3.3047	3.5024	-90.0000	739185.541611
35.0051	-3.3047	3.5024	-90.0000	739185.541611
35.1212	-3.3047	3.5024	-90.0000	739185.541611
35.2374	-3.3047	3.5024	-90.0000	739185.541611
35.3538	-3.3047	3.5024	-90.0000	739185.541611
35.4700	-3.3047	3.5024	-90.0000	739185.541611
35.5861	-3.3047	3.5024	-90.0000	739185.541611
35.7024	-3.3047	3.5024	-90.0000	739185.541611
35.8187	-3.3047	3.5024	-90.0000	739185.541611
35.9349	-3.3047	3.5024	-90.0000	739185.541611
36.0513	-3.3047	3.5024	-90.0000	739185.541611
36.1674	-3.3047	3.5024	-90.0000	739185.541611
36.2836	-3.3047	3.5024	-90.0000	739185.541611
36.3998	-3.3047	3.5024	-90.0000	739185.541611
36.5160	-3.3047	3.5024	-90.0000	739185.541611
36.6322	-3.3047	3.5024	-90.0000	739185.541611
36.7484	-3.3047	3.5024	-90.0000	739185.541611
36.8647	-3.3047	3.5024	-90.0000	739185.541611
36.9809	-3.3047	3.5024	-90.0000	739185.541611
37.0974	-3.3047	3.5024	-90.0000	739185.541611
37.2131	-3.3047	3.5024	-90.0000	739185.541611
37.3295	-3.3047	3.5024	-90.0000	739185.541611
37.4296	-3.3047	3.5024	-90.0000	739185.541611
37.5453	-3.3047	3.5024	-90.0000	739185.541611
37.6616	-3.3047	3.5024	-90.0000	739185.541611
37.7778	-3.3047	3.5024	-90.0000	739185.541611
37.8940	-3.3047	3.5024	-90.0000	739185.541611
38.0103	-3.3047	3.5024	-90.0000	739185.541611
38.1264	-3.3047	3.5024	-90.0000	739185.541611
38.2428	-3.3047	3.5024	-90.0000	739185.541611
38.3590	-3.3047	3.5024	-90.0000	739185.541611
38.4753	-3.3047	3.5024	-90.0000	739185.541611
38.5915	-3.3047	3.5024	-90.0000	739185.541611
38.7076	-3.3047	3.5024	-90.0000	739185.541611
38.8240	-3.3047	3.5024	-90.0000	739185.541611
38.9402	-3.3047	3.5024	-90.0000	739185.541611
39.0564	-3.3047	3.5024	-90.0000	739185.541611
39.1726	-3.3047	3.5024	-90.0000	739185.541611
39.2889	-3.3047	3.5024	-90.0000	739185.541611
39.4051	-3.3047	3.5024	-90.0000	739185.541611
39.5214	-3.3047	3.5024	-90.0000	739185.541611
39.6378	-3.3047	3.5024	-90.0000	739185.541611
39.7538	-3.3047	3.5024	-90.0000	739185.541611
39.8700	-3.3047	3.5024	-90.0000	739185.541611
39.9867	-3.3047	3.5024	-90.0000	739185.541611
40.1026	-3.3047	3.5024	-90.0000	739185.541611
40.2189	-3.3047	3.5024	-90.0000	739185.541611
40.3350	-3.3047	3.5024	-90.0000	739185.541611
40.4512	-3.3047	3.5024	-90.0000	739185.541611
40.5676	-3.3047	3.5024	-90.0000	739185.541611
40.6838	-3.3047	3.5024	-90.0000	739185.541611
40.8000	-3.3047	3.5024	-90.0000	739185.541611
40.9162	-3.3047	3.5024	-90.0000	739185.541611
41.0324	-3.3047	3.5024	-90.0000	739185.541611
41.1487	-3.3047	3.5024	-90.0000	739185.541611
41.2649	-3.3047	3.5024	-90.0000	739185.541611
41.3812	-3.3047	3.5024	-90.0000	739185.541611
41.4974	-3.3047	3.5024	-90.0000	739185.541611
41.6136	-3.3047	3.5024	-90.0000	739185.541611
41.7299	-3.3047	3.5024	-90.0000	739185.541611
41.8461	-3.3047	3.5024	-90.0000	739185.541611
41.9624	-3.3047	3.5024	-90.0000	739185.541611
42.0786	-3.3047	3.5024	-90.0000	739185.541611
42.1949	-3.3047	3.5024	-90.0000	739185.541611
42.3112	-3.3047	3.5024	-90.0000	739185.541611
42.4274	-3.3047	3.5024	-90.0000	739185.541611
42.5438	-3.3047	3.5024	-108.0000	739185.541611
42.6598	-3.3047	3.5024	-120.0000	739185.541611
42.7760	-3.3047	3.5024	-120.0000	739185.541611
42.8923	-3.3047	3.5024	-120.0000	739185.541611
43.0086	-3.3047	3.5024	-120.0000	739185.541611
43.1248	-3.3047	3.5024	-120.0000	739185.541611
43.2250	-3.3047	3.5024	-120.0000	739185.541611
43.3411	-3.3047	3.5024	-120.0000	739185.541611
43.4572	-3.3047	3.5024	-120.0000	739185.541611
43.5734	-3.3047	3.5024	-126.0000	739185.541611
43.6897	-3.3047	3.5024	-144.0000	739185.541611
43.8058	-3.3047	3.5024	-144.0000	739185.541611
43.9225	-3.3047	3.5024	-159.0000	739185.541611
44.0384	-3.3047	3.5024	-174.0000	739185.541611
44.1546	-3.3047	3.5024	-174.0000	739185.541611
44.2709	-3.3047	3.5024	-189.0000	739185.541611
44.3871	-3.3047	3.5024	-195.0000	739185.541611
44.5034	-3.3047	3.5024	-198.0000	739185.541611
44.6196	-3.3047	3.5024	-216.0000	739185.541611
44.7357	-3.3047	3.5024	-216.0000	739185.541611
44.8520	-3.3047	3.5024	-228.0000	739185.541611
44.9686	-3.3047	3.5024	-234.0000	739185.541611
45.0845	-3.3047	3.5024	-234.0000	739185.541611
45.2009	-3.3047	3.5024	-234.0000	739185.541611
45.3170	-3.3047	3.5024	-234.0000	739185.541611
45.4332	-3.3047	3.5024	-234.0000	739185.541611
45.5495	-3.3047	3.5024	-234.0000	739185.541611
45.6657	-3.3047	3.5024	-234.0000	739185.541611
45.7820	-3.3047	3.5024	-234.0000	739185.541611
45.8982	-3.3047	3.5024	-234.0000	739185.541611
46.0144	-3.3047	3.5024	-234.0000	739185.541611
46.1306	-3.3047	3.5024	-234.0000	739185.541611
46.2472	-3.3047	3.5024	-234.0000	739185.541611
46.3632	-3.3047	3.5024	-234.0000	739185.541611
46.4797	-3.3047	3.5024	-234.0000	739185.541611
46.5956	-3.3047	3.5024	-234.0000	739185.541611
46.7120	-3.3047	3.5024	-234.0000	739185.541611
46.8283	-3.3047	3.5024	-234.0000	739185.541611
46.9445	-3.3047	3.5024	-234.0000	739185.541611
47.0607	-3.3047	3.5024	-234.0000	739185.541611
47.1771	-3.3047	3.5024	-234.0000	739185.541611
47.2930	-3.3047	3.5024	-234.0000	739185.541611
47.4094	-3.3047	3.5024	-234.0000	739185.541611
47.5256	-3.3047	3.5024	-234.0000	739185.541611
47.6420	-3.3047	3.5024	-234.0000	739185.541611
47.7582	-3.3047	3.5024	-234.0000	739185.541611
47.8744	-3.3047	3.5024	-234.0000	739185.541611
47.9906	-3.3047	3.5024	-234.0000	739185.541611
48.1072	-3.3047	3.5024	-234.0000	739185.541611
48.2235	-3.3047	3.5024	-234.0000	739185.541611
48.3394	-3.3047	3.5024	-234.0000	739185.541611
48.4554	-3.3047	3.5024	-234.0000	739185.541611
48.5717	-3.3047	3.5024	-234.0000	739185.541611
48.6879	-3.3047	3.5024	-234.0000	739185.541611
48.8044	-3.3047	3.5024	-234.0000	739185.541611
48.9204	-3.3047	3.5024	-234.0000	739185.541611
49.0368	-3.3047	3.5024	-234.0000	739185.541611
49.1529	-3.3047	3.5024	-234.0000	739185.541611
49.2690	-3.3047	3.5024	-234.0000	739185.541611
49.3853	-3.3047	3.5024	-234.0000	739185.541611
49.5018	-3.3047	3.5024	-234.0000	739185.541611
49.6181	-3.3047	3.5024	-234.0000	739185.541611
49.7341	-3.3047	3.5024	-234.0000	739185.541611
49.8503	-3.3047	3.5024	-234.0000	739185.541611
49.9665	-3.3047	3.5024	-234.0000	739185.541611
50.0827	-3.3047	3.5024	-234.0000	739185.541611
50.1990	-3.3047	3.5024	-234.0000	739185.541611
50.3155	-3.3047	3.5024	-234.0000	739185.541611
50.4314	-3.3047	3.5024	-234.0000	739185.541611
50.5477	-3.3047	3.5024	-234.0000	739185.541611
50.6640	-3.3047	3.5024	-234.0000	739185.541611
50.7803	-3.3047	3.5024	-234.0000	739185.541611
50.8964	-3.3047	3.5024	-234.0000	739185.541611
51.0127	-3.3047	3.5024	-234.0000	739185.541611
51.1289	-3.3047	3.5024	-234.0000	739185.541611
51.2452	-3.3047	3.5024	-234.0000	739185.541611
51.3615	-3.3047	3.5024	-234.0000	739185.541611
51.4776	-3.3047	3.5024	-234.0000	739185.541611
51.5938	-3.3047	3.5024	-234.0000	739185.541611
51.7101	-3.3047	3.5024	-234.0000	739185.541611
51.8264	-3.3047	3.5024	-234.0000	739185.541611
51.9426	-3.3047	3.5024	-234.0000	739185.541611
52.0589	-3.3047	3.5024	-255.0000	739185.541611
52.1752	-3.3047	3.5024	-255.0000	739185.541611
52.2913	-3.3047	3.5024	-267.0000	739185.541611
52.4076	-3.3047	3.5024	-273.0000	739185.541611
52.5238	-3.3047	3.5024	-273.0000	739185.541611
52.6400	-3.3047	3.5024	-273.0000	739185.541611
52.7564	-3.3047	3.5024	-273.0000	739185.541611
52.8725	-3.3047	3.5024	-273.0000	739185.541611
52.9887	-3.3047	3.5024	-273.0000	739185.541611
53.1050	-3.3047	3.5024	-273.0000	739185.541611
53.2214	-3.3047	3.5024	-273.0000	739185.541611
53.3375	-3.3047	3.5024	-273.0000	739185.541611
53.4537	-3.3047	3.5024	-273.0000	739185.541611
53.5699	-3.3047	3.5024	-273.0000	739185.541611
53.6862	-3.3047	3.5024	-273.0000	739185.541611
53.8026	-3.3047	3.5024	-273.0000	739185.541611
53.9190	-3.3047	3.5024	-273.0000	739185.541611
54.0351	-3.3047	3.5024	-273.0000	739185.541611
54.1513	-3.3047	3.5024	-273.0000	739185.541611
54.2675	-3.3047	3.5024	-273.0000	739185.541611
54.3836	-3.3047	3.5024	-273.0000	739185.541611
54.4999	-3.3047	3.5024	-273.0000	739185.541611
54.6162	-3.3047	3.5024	-273.0000	739185.541611
54.7325	-3.3047	3.5024	-273.0000	739185.541611
54.8482	-3.3047	3.5024	-273.0000	739185.541611
54.9645	-3.3047	3.5024	-273.0000	739185.541611
55.0808	-3.3047	3.5024	-273.0000	739185.541611
55.1970	-3.3047	3.5024	-273.0000	739185.541611
55.3135	-3.3047	3.5024	-273.0000	739185.541611
55.4295	-3.3047	3.5024	-273.0000	739185.541611
55.5456	-3.3047	3.5024	-273.0000	739185.541611
55.6620	-3.3047	3.5024	-273.0000	739185.541611
55.7783	-3.3047	3.5024	-273.0000	739185.541611
55.8946	-3.3047	3.5024	-273.0000	739185.541611
56.0106	-3.3047	3.5024	-273.0000	739185.541611
56.1268	-3.3047	3.5024	-273.0000	739185.541611
56.2432	-3.3047	3.5024	-273.0000	739185.541611
56.3594	-3.3047	3.5024	-273.0000	739185.541611
56.4756	-3.3047	3.5024	-258.0000	739185.541611
56.5918	-3.3047	3.5024	-240.0000	739185.541611
56.7081	-3.3047	3.5024	-240.0000	739185.541611
56.8243	-3.3047	3.5024	-237.0000	739185.541611
56.9407	-3.3047	3.5024	-216.0000	739185.541611
57.0568	-3.3047	3.5024	-195.0000	739185.541611
57.1731	-3.3047	3.5024	-174.0000	739185.541611
57.2896	-3.3047	3.5024	-153.0000	739185.541611
57.4055	-3.3047	3.5024	-132.0000	739185.541611
57.5218	-3.3047	3.5024	-111.0000	739185.541611
57.6380	-3.3047	3.5024	-102.0000	739185.541611
57.7542	-3.3047	3.5024	-102.0000	739185.541611
57.8708	-3.3047	3.5024	-93.0000	739185.541611
57.9867	-3.3047	3.5024	-90.0000	739185.541611
58.1030	-3.3047	3.5024	-90.0000	739185.541611
58.2192	-3.3047	3.5024	-90.0000	739185.541611
58.3355	-3.3047	3.5024	-81.0000	739185.541611
58.4516	-3.3047	3.5024	-81.0000	739185.541611
58.5679	-3.3047	3.5024	-81.0000	739185.541611
58.6841	-3.3047	3.5024	-81.0000	739185.541611
58.8004	-3.3047	3.5024	-81.0000	739185.541611
58.9166	-3.3047	3.5024	-81.0000	739185.541611
59.0329	-3.3047	3.5024	-81.0000	739185.541611
59.1491	-3.3047	3.5024	-81.0000	739185.541611
59.2654	-3.3047	3.5024	-81.0000	739185.541611
59.3815	-3.3047	3.5024	-81.0000	739185.541611
59.4979	-3.3047	3.5024	-81.0000	739185.541611
59.6141	-3.3047	3.5024	-84.0000	739185.541611
59.7303	-3.3047	3.5024	-102.0000	739185.541611
59.8471	-3.3047	3.5024	-102.0000	739185.541611
59.9627	-3.3047	3.5024	-102.0000	739185.541611
60.0790	-3.3047	3.5024	-87.0000	739185.541611
60.1952	-3.3047	3.5024	-84.0000	739185.541611
60.3116	-3.3047	3.5024	-84.0000	739185.541611
60.4281	-3.3361	3.2040	-84.0000	739185.541611
60.5440	-3.3909	2.6819	-84.0000	739185.541611
60.6602	-3.4458	2.1598	-84.0000	739185.541611
60.7764	-3.5007	1.6377	-84.0000	739185.541611
60.8928	-3.5556	1.1155	-84.0000	739185.541611
61.0089	-3.6490	0.6006	-72.0000	739185.541611
61.1251	-3.9101	0.1484	-51.0000	739185.541611
61.2414	-3.9101	0.1484	-30.0000	739185.541611
61.3577	-3.9814	0.1252	-9.0000	739185.541611
61.4739	-4.2059	0.1370	9.0000	739185.541611
61.5901	-4.2059	0.1370	9.0000	739185.541611
61.7065	-4.2059	0.1370	9.0000	739185.541611
61.8227	-4.2059	0.1370	9.0000	739185.541611
61.9388	-4.7244	0.2191	9.0000	739185.541611
62.0551	-5.2430	0.3012	9.0000	739185.541611
62.1713	-5.6874	0.3716	9.0000	739185.541611
62.2876	-5.6874	0.3716	9.0000	739185.541611
62.4041	-5.6874	0.3716	3.0000	739185.541611
62.5200	-5.6874	0.3716	-18.0000	739185.541611
62.6363	-5.6874	0.3716	-18.0000	739185.541611
62.7526	-5.6874	0.3716	-18.0000	739185.541611
62.8688	-5.6874	0.3716	-30.0000	739185.541611
62.9854	-5.6874	0.3716	-36.0000	739185.541611
63.1013	-5.7481	0.3275	-36.0000	739185.541611
63.2175	-6.1728	0.0190	-36.0000	739185.541611
0.1031	0.0000	0.0000	45.0000	739191.831505
0.2067	0.0000	0.0000	45.0000	739191.831505
0.3127	0.0000	0.0000	45.0000	739191.831505
0.4174	0.0000	0.0000	48.0000	739191.831505
0.5240	0.0000	0.0000	66.0000	739191.831505
0.6284	0.0000	0.0000	69.0000	739191.831505
0.7372	-0.0538	0.1400	69.0000	739191.831505
0.8437	-0.1613	0.4201	69.0000	739191.831505
0.9547	-0.3225	0.8402	69.0000	739191.831505
1.0630	-0.4838	1.2603	69.0000	739191.831505
1.1660	-0.6451	1.6804	69.0000	739191.831505
1.2713	-0.7526	1.9605	69.0000	739191.831505
1.3717	-0.7526	1.9605	69.0000	739191.831505
1.4804	-0.7526	1.9605	72.0000	739191.831505
1.5842	-0.7526	1.9605	84.0000	739191.831505
1.7020	-0.7526	2.2605	90.0000	739191.831505
1.8028	-0.7526	2.7105	90.0000	739191.831505
1.9044	-0.7526	2.8605	90.0000	739191.831505
2.0060	-0.7526	2.8605	90.0000	739191.831505
2.1136	-0.7526	2.4855	90.0000	739191.831505
2.2215	-0.7526	2.0355	90.0000	739191.831505
2.3384	-0.7526	2.0355	90.0000	739191.831505
2.4443	-0.7526	2.0355	90.0000	739191.831505
2.5529	-0.7526	2.0355	90.0000	739191.831505
2.6638	-0.7526	2.0355	90.0000	739191.831505
2.7893	-0.7526	2.1855	90.0000	739191.831505
2.8920	-0.7526	2.5605	90.0000	739191.831505
3.0050	-0.7408	2.8600	102.0000	739191.831505
3.1122	-0.7103	2.9285	114.0000	739191.831505
3.2163	-0.5614	3.2726	111.0000	739191.831505
3.3213	-0.4797	3.7133	93.0000	739191.831505
3.4374	-0.5614	4.2290	72.0000	739191.831505
3.5468	-0.7227	4.6491	69.0000	739191.831505
3.6622	-0.8839	5.0692	69.0000	739191.831505
3.7697	-1.0452	5.4893	69.0000	739191.831505
3.8863	-1.1473	5.6896	51.0000	739191.831505
4.0003	-1.1473	5.6896	33.0000	739191.831505
4.1018	-1.1473	5.6896	18.0000	739191.831505
4.2026	-1.1473	5.6896	3.0000	739191.831505
4.3035	-1.1473	5.6896	-12.0000	739191.831505
4.4086	-1.1473	5.6896	-27.0000	739191.831505
4.5094	-1.1473	5.6896	-42.0000	739191.831505
4.6121	-1.1473	5.6896	-57.0000	739191.831505
4.7219	-1.3299	5.2793	-69.0000	739191.831505
4.8274	-1.4912	4.8592	-69.0000	739191.831505
4.9405	-1.5450	4.7191	-75.0000	739191.831505
5.0449	-1.5450	4.7191	-75.0000	739191.831505
5.1605	-1.5450	4.7191	-75.0000	739191.831505
5.2692	-1.5450	4.7191	-75.0000	739191.831505
5.3745	-1.5450	4.7191	-75.0000	739191.831505
5.4788	-1.5450	4.7191	-72.0000	739191.831505
5.5859	-1.5450	4.7191	-54.0000	739191.831505
5.6957	-1.5450	4.7191	-36.0000	739191.831505
5.8131	-1.5450	4.7191	-30.0000	739191.831505
5.9162	-1.6749	4.6441	-30.0000	739191.831505
6.0319	-2.0646	4.4191	-30.0000	739191.831505
6.1514	-2.1295	4.3816	-15.0000	739191.831505
6.2704	-2.1295	4.3816	0.0000	739191.831505
6.3806	-2.4237	4.4401	12.0000	739191.831505
6.4851	-2.8639	4.5337	12.0000	739191.831505
6.5931	-3.3040	4.6273	12.0000	739191.831505
6.7001	-3.7442	4.7208	12.0000	739191.831505
6.8080	-4.1844	4.8144	12.0000	739191.831505
6.9107	-4.5512	4.8923	12.0000	739191.831505
7.0241	-4.9948	4.9626	3.0000	739191.831505
7.1446	-5.0698	4.9626	-15.0000	739191.831505
7.2540	-5.0698	4.9626	-30.0000	739191.831505
7.3714	-5.0698	4.9626	-51.0000	739191.831505
7.4783	-5.0698	4.9626	-69.0000	739191.831505
7.5975	-5.0698	4.9626	-87.0000	739191.831505
7.7066	-5.0698	4.9626	-87.0000	739191.831505
7.8166	-5.0698	4.9626	-96.0000	739191.831505
7.9238	-5.0698	4.9626	-102.0000	739191.831505
8.0372	-5.0698	4.9626	-84.0000	739191.831505
8.1453	-5.0698	4.9626	-66.0000	739191.831505
8.2686	-5.2198	4.7028	-60.0000	739191.831505
8.3824	-5.4448	4.3131	-60.0000	739191.831505
8.4909	-5.5469	4.1128	-75.0000	739191.831505
8.5977	-5.5469	4.1128	-93.0000	739191.831505
8.7067	-5.5469	4.1128	-111.0000	739191.831505
8.8132	-5.5469	4.1128	-129.0000	739191.831505
8.9263	-5.2458	3.7784	-132.0000	739191.831505
9.0426	-4.8945	3.3882	-132.0000	739191.831505
9.1568	-4.5963	3.0513	-129.0000	739191.831505
9.2631	-4.5963	3.0513	-111.0000	739191.831505
9.3639	-4.5963	3.0513	-93.0000	739191.831505
9.4647	-4.5963	3.0513	-78.0000	739191.831505
9.5682	-4.5963	3.0513	-66.0000	739191.831505
9.6801	-4.5048	3.2568	-66.0000	739191.831505
9.7922	-4.3218	3.6679	-66.0000	739191.831505
9.8989	-4.2303	3.8735	-66.0000	739191.831505
10.0133	-4.2303	3.8735	-84.0000	739191.831505
10.1299	-4.2303	3.8735	-105.0000	739191.831505
10.2390	-4.2303	3.8735	-123.0000	739191.831505
10.3498	-4.0210	3.6586	-135.0000	739191.831505
10.4545	-3.7326	3.3150	-123.0000	739191.831505
10.5611	-3.5611	2.9009	-105.0000	739191.831505
10.6701	-3.5024	2.4551	-96.0000	739191.831505
10.7705	-3.4554	2.0076	-96.0000	739191.831505
10.8742	-3.4083	1.5600	-96.0000	739191.831505
10.9796	-3.3848	1.1115	-87.0000	739191.831505
11.0991	-3.3926	1.0369	-69.0000	739191.831505
11.2085	-3.3926	1.0369	-51.0000	739191.831505
11.3213	-3.6686	0.7831	-42.0000	739191.831505
11.4291	-4.0056	0.4850	-39.0000	739191.831505
11.5429	-4.2048	0.3835	-21.0000	739191.831505
11.6495	-4.6455	0.3018	-3.0000	739191.831505
11.7553	-5.0955	0.3018	0.0000	739191.831505
11.8749	-5.5441	0.2783	-9.0000	739191.831505
11.9789	-5.9666	0.1287	-27.0000	739191.831505
0.1084	0.0000	0.0000	45.0000	739192.873021
0.2137	0.0000	0.0000	45.0000	739192.873021
0.3207	0.0000	0.0000	45.0000	739192.873021
0.4301	0.0000	0.0000	45.0000	739192.873021
0.5307	0.0000	0.0000	45.0000	739192.873021
0.6330	0.0000	0.0000	51.0000	739192.873021
0.7339	-0.2139	0.3939	69.0000	739192.873021
0.8463	-0.2955	0.9096	90.0000	739192.873021
0.9465	-0.2524	1.3574	96.0000	739192.873021
1.0631	-0.1975	1.8796	96.0000	739192.873021
1.1692	-0.2093	2.3276	81.0000	739192.873021
1.2795	-0.3858	2.8203	66.0000	739192.873021
1.3801	-0.5689	3.2314	66.0000	739192.873021
1.4853	-0.7299	3.6507	75.0000	739192.873021
1.6002	-0.7690	4.1727	90.0000	739192.873021
1.7019	-0.7690	4.6227	90.0000	739192.873021
1.8035	-0.8506	5.0634	72.0000	739192.873021
1.9161	-1.1117	5.5155	51.0000	739192.873021
2.0174	-1.4525	5.8066	33.0000	739192.873021
2.1322	-1.5860	5.8746	12.0000	739192.873021
2.2477	-1.5860	5.8746	-9.0000	739192.873021
2.3483	-1.5860	5.8746	-27.0000	739192.873021
2.4628	-1.5860	5.8746	-48.0000	739192.873021
2.5633	-1.5860	5.8746	-66.0000	739192.873021
2.6698	-1.6055	5.7260	-84.0000	739192.873021
2.7796	-1.6055	5.2764	-87.0000	739192.873021
2.8822	-1.7102	4.8406	-69.0000	739192.873021
2.9823	-1.9444	4.4584	-51.0000	739192.873021
3.0863	-2.2852	4.1673	-33.0000	739192.873021
3.2002	-2.7726	3.9802	-12.0000	739192.873021
3.3134	-2.8467	3.9685	6.0000	739192.873021
3.4271	-2.8467	3.9685	21.0000	739192.873021
3.5322	-2.8467	3.9685	39.0000	739192.873021
3.6462	-2.8467	3.9685	60.0000	739192.873021
3.7544	-2.9077	4.1055	66.0000	739192.873021
3.8622	-3.1116	4.5057	57.0000	739192.873021
3.9635	-3.4202	4.8308	39.0000	739192.873021
4.0816	-3.4808	4.8749	18.0000	739192.873021
4.1855	-3.4808	4.8749	0.0000	739192.873021
4.2902	-3.4808	4.8749	-18.0000	739192.873021
4.3959	-3.8110	4.6979	-30.0000	739192.873021
4.5015	-4.2007	4.4729	-30.0000	739192.873021
4.6077	-4.5923	4.2513	-27.0000	739192.873021
4.7220	-5.0967	4.1162	-6.0000	739192.873021
4.8283	-5.5452	4.1397	6.0000	739192.873021
4.9328	-5.8446	4.1475	-9.0000	739192.873021
5.0458	-5.8446	4.1475	-30.0000	739192.873021
5.1523	-5.8446	4.1475	-48.0000	739192.873021
5.2632	-5.8446	4.1475	-69.0000	739192.873021
5.3633	-5.8446	4.1475	-87.0000	739192.873021
5.4642	-5.8446	4.1475	-105.0000	739192.873021
5.5794	-5.8446	4.1475	-123.0000	739192.873021
5.6982	-5.8446	4.1475	-141.0000	739192.873021
5.8069	-5.5129	3.9741	-156.0000	739192.873021
5.9142	-5.1435	3.7203	-138.0000	739192.873021
6.0289	-4.8366	3.2979	-117.0000	739192.873021
6.1313	-4.7093	2.8681	-99.0000	739192.873021
6.2410	-4.7211	2.4201	-81.0000	739192.873021
6.3465	-4.8707	1.9976	-63.0000	739192.873021
6.4619	-4.8707	1.9976	-63.0000	739192.873021
6.5699	-4.7345	2.2649	-63.0000	739192.873021
6.6815	-4.4961	2.7326	-63.0000	739192.873021
6.7857	-4.2918	3.1336	-63.0000	739192.873021
6.8893	-4.0911	3.5362	-66.0000	739192.873021
6.9950	-4.0642	3.6063	-84.0000	739192.873021
7.0957	-4.0642	3.6063	-102.0000	739192.873021
7.2059	-3.9621	3.4060	-120.0000	739192.873021
7.3121	-3.7451	3.1005	-123.0000	739192.873021
7.4123	-3.5736	2.6864	-105.0000	739192.873021
7.5133	-3.5384	2.2396	-87.0000	739192.873021
7.6220	-3.6430	1.8038	-69.0000	739192.873021
7.7289	-3.7818	1.3766	-78.0000	739192.873021
7.8301	-3.8171	0.9284	-87.0000	739192.873021
7.9402	-3.8988	0.4877	-72.0000	739192.873021
8.0437	-4.0686	0.1545	-54.0000	739192.873021
8.1466	-4.0686	0.1545	-36.0000	739192.873021
8.2502	-4.1399	0.1313	-18.0000	739192.873021
8.3658	-4.3647	0.1313	3.0000	739192.873021
8.4830	-4.8837	0.2095	9.0000	739192.873021
8.5850	-5.3282	0.2799	9.0000	739192.873021
8.6929	-5.7763	0.2916	-6.0000	739192.873021
8.8083	-6.1343	0.1877	-27.0000	739192.873021
8.9092	-6.1873	0.1346	-45.0000	739192.873021
