T	X	Y	HEADING	NOW_NUM
0.0167	0.0000	0.0000	45.0000	739193.488824
0.0330	0.0000	0.0000	45.0000	739193.488824
0.0495	0.0000	0.0000	45.0000	739193.488824
0.0660	0.0000	0.0000	45.0000	739193.488824
0.0828	0.0000	0.0000	45.0000	739193.488824
0.0993	0.0000	0.0000	45.0000	739193.488824
0.1158	0.0000	0.0000	45.0000	739193.488824
0.1325	0.0000	0.0000	45.0000	739193.488824
0.1491	0.0000	0.0000	45.0000	739193.488824
0.1656	0.0000	0.0000	45.0000	739193.488824
0.1823	0.0000	0.0000	45.0000	739193.488824
0.1988	0.0000	0.0000	45.0000	739193.488824
0.2155	0.0000	0.0000	45.0000	739193.488824
0.2321	0.0000	0.0000	45.0000	739193.488824
0.2487	0.0000	0.0000	45.0000	739193.488824
0.2653	0.0000	0.0000	45.0000	739193.488824
0.2819	0.0000	0.0000	45.0000	739193.488824
0.2985	0.0000	0.0000	45.0000	739193.488824
0.3152	0.0000	0.0000	45.0000	739193.488824
0.3317	0.0000	0.0000	45.0000	739193.488824
0.3483	0.0000	0.0000	45.0000	739193.488824
0.3650	0.0000	0.0000	45.0000	739193.488824
0.3817	0.0000	0.0000	45.0000	739193.488824
0.3983	0.0000	0.0000	45.0000	739193.488824
0.4147	0.0000	0.0000	45.0000	739193.488824
0.4314	0.0000	0.0000	45.0000	739193.488824
0.4479	0.0000	0.0000	45.0000	739193.488824
0.4647	0.0000	0.0000	45.0000	739193.488824
0.4813	0.0000	0.0000	45.0000	739193.488824
0.4977	0.0000	0.0000	45.0000	739193.488824
0.5144	0.0000	0.0000	45.0000	739193.488824
0.5310	0.0000	0.0000	45.0000	739193.488824
0.5476	0.0000	0.0000	45.0000	739193.488824
0.5643	0.0000	0.0000	45.0000	739193.488824
0.5810	0.0000	0.0000	45.0000	739193.488824
0.5974	0.0000	0.0000	45.0000	739193.488824
0.6140	0.0000	0.0000	45.0000	739193.488824
0.6306	0.0000	0.0000	42.0000	739193.488824
0.6472	0.0000	0.0000	39.0000	739193.488824
0.6638	0.0000	0.0000	36.0000	739193.488824
0.6806	0.0000	0.0000	33.0000	739193.488824
0.6972	0.0000	0.0000	30.0000	739193.488824
0.7139	0.0000	0.0000	27.0000	739193.488824
0.7309	0.0000	0.0000	24.0000	739193.488824
0.7469	0.0000	0.0000	21.0000	739193.488824
0.7640	0.0000	0.0000	18.0000	739193.488824
0.7801	0.0000	0.0000	15.0000	739193.488824
0.7966	0.0000	0.0000	12.0000	739193.488824
0.8133	0.0000	0.0000	12.0000	739193.488824
0.8299	0.0000	0.0000	12.0000	739193.488824
0.8466	0.0000	0.0000	12.0000	739193.488824
0.8633	0.0000	0.0000	12.0000	739193.488824
0.8798	0.0000	0.0000	12.0000	739193.488824
0.8963	0.0000	0.0000	12.0000	739193.488824
0.9129	0.0000	0.0000	12.0000	739193.488824
0.9295	0.0000	0.0000	12.0000	739193.488824
0.9461	0.0000	0.0000	12.0000	739193.488824
0.9627	0.0000	0.0000	12.0000	739193.488824
0.9793	0.0000	0.0000	12.0000	739193.488824
0.9959	0.0000	0.0000	12.0000	739193.488824
1.0126	0.0000	0.0000	12.0000	739193.488824
1.0291	0.0000	0.0000	12.0000	739193.488824
1.0458	0.0000	0.0000	12.0000	739193.488824
1.0624	0.0000	0.0000	12.0000	739193.488824
1.0790	0.0000	0.0000	12.0000	739193.488824
1.0956	0.0000	0.0000	12.0000	739193.488824
1.1122	0.0000	0.0000	12.0000	739193.488824
1.1287	0.0000	0.0000	12.0000	739193.488824
1.1454	0.0000	0.0000	12.0000	739193.488824
1.1620	0.0000	0.0000	12.0000	739193.488824
1.1786	0.0000	0.0000	15.0000	739193.488824
1.1953	0.0000	0.0000	18.0000	739193.488824
1.2120	0.0000	0.0000	21.0000	739193.488824
1.2284	0.0000	0.0000	24.0000	739193.488824
1.2450	0.0000	0.0000	27.0000	739193.488824
1.2617	0.0000	0.0000	30.0000	739193.488824
1.2782	0.0000	0.0000	33.0000	739193.488824
1.2951	0.0000	0.0000	36.0000	739193.488824
1.3114	0.0000	0.0000	36.0000	739193.488824
1.3282	0.0000	0.0000	36.0000	739193.488824
1.3447	0.0000	0.0000	36.0000	739193.488824
1.3613	0.0000	0.0000	36.0000	739193.488824
1.3779	-0.0607	0.0441	36.0000	739193.488824
1.3945	-0.1214	0.0882	36.0000	739193.488824
1.4111	-0.1820	0.1323	36.0000	739193.488824
1.4277	-0.2427	0.1763	36.0000	739193.488824
1.4445	-0.3034	0.2204	36.0000	739193.488824
1.4609	-0.3641	0.2645	36.0000	739193.488824
1.4775	-0.4247	0.3086	36.0000	739193.488824
1.4942	-0.4854	0.3527	36.0000	739193.488824
1.5108	-0.5483	0.3935	33.0000	739193.488824
1.5273	-0.6133	0.4310	30.0000	739193.488824
1.5439	-0.6801	0.4651	27.0000	739193.488824
1.5606	-0.7486	0.4956	24.0000	739193.488824
1.5773	-0.8186	0.5225	21.0000	739193.488824
1.5938	-0.8900	0.5456	18.0000	739193.488824
1.6104	-0.9624	0.5650	15.0000	739193.488824
1.6270	-1.0358	0.5806	12.0000	739193.488824
1.6436	-1.1098	0.5924	9.0000	739193.488824
1.6604	-1.1844	0.6002	6.0000	739193.488824
1.6768	-1.2593	0.6041	3.0000	739193.488824
1.6935	-1.3343	0.6041	0.0000	739193.488824
1.7100	-1.4093	0.6041	0.0000	739193.488824
1.7266	-1.4843	0.6041	0.0000	739193.488824
1.7432	-1.5593	0.6041	0.0000	739193.488824
1.7598	-1.6343	0.6041	0.0000	739193.488824
1.7764	-1.7093	0.6041	0.0000	739193.488824
1.7930	-1.7843	0.6041	0.0000	739193.488824
1.8096	-1.8593	0.6041	0.0000	739193.488824
1.8263	-1.9343	0.6041	0.0000	739193.488824
1.8429	-2.0093	0.6041	0.0000	739193.488824
1.8595	-2.0843	0.6041	0.0000	739193.488824
1.8761	-2.1593	0.6041	0.0000	739193.488824
1.8926	-2.2343	0.6041	0.0000	739193.488824
1.9093	-2.3093	0.6041	0.0000	739193.488824
1.9261	-2.3843	0.6041	0.0000	739193.488824
1.9425	-2.4592	0.6081	3.0000	739193.488824
1.9592	-2.5338	0.6159	6.0000	739193.488824
1.9756	-2.6079	0.6276	9.0000	739193.488824
1.9924	-2.6812	0.6432	12.0000	739193.488824
2.0089	-2.7537	0.6626	15.0000	739193.488824
2.0255	-2.8250	0.6858	18.0000	739193.488824
2.0421	-2.8950	0.7127	21.0000	739193.488824
2.0588	-2.9636	0.7432	24.0000	739193.488824
2.0754	-3.0304	0.7772	27.0000	739193.488824
2.0920	-3.0953	0.8147	30.0000	739193.488824
2.1086	-3.1582	0.8556	33.0000	739193.488824
2.1252	-3.2189	0.8997	36.0000	739193.488824
2.1417	-3.2772	0.9469	39.0000	739193.488824
2.1584	-3.3329	0.9971	42.0000	739193.488824
2.1749	-3.3860	1.0501	45.0000	739193.488824
2.1916	-3.4361	1.1058	48.0000	739193.488824
2.2081	-3.4833	1.1641	51.0000	739193.488824
2.2247	-3.5274	1.2248	54.0000	739193.488824
2.2414	-3.5683	1.2877	57.0000	739193.488824
2.2580	-3.6058	1.3526	60.0000	739193.488824
2.2745	-3.6398	1.4195	63.0000	739193.488824
2.2912	-3.6398	1.4195	66.0000	739193.488824
2.3078	-3.6398	1.4195	69.0000	739193.488824
2.3244	-3.6398	1.4195	72.0000	739193.488824
2.3411	-3.6398	1.4195	75.0000	739193.488824
2.3577	-3.6398	1.4195	78.0000	739193.488824
2.3742	-3.6398	1.4195	81.0000	739193.488824
2.3908	-3.6398	1.4195	84.0000	739193.488824
2.4075	-3.6398	1.4195	87.0000	739193.488824
2.4241	-3.6398	1.4195	90.0000	739193.488824
2.4406	-3.6398	1.4195	93.0000	739193.488824
2.4573	-3.6398	1.4195	96.0000	739193.488824
2.4738	-3.6398	1.4195	99.0000	739193.488824
2.4905	-3.6398	1.4195	102.0000	739193.488824
2.5071	-3.6398	1.4195	105.0000	739193.488824
2.5237	-3.6398	1.4195	108.0000	739193.488824
2.5403	-3.6398	1.4195	111.0000	739193.488824
2.5568	-3.6398	1.4195	114.0000	739193.488824
2.5736	-3.6398	1.4195	117.0000	739193.488824
2.5901	-3.6058	1.4863	117.0000	739193.488824
2.6067	-3.5717	1.5531	117.0000	739193.488824
2.6234	-3.5377	1.6199	117.0000	739193.488824
2.6399	-3.5036	1.6868	117.0000	739193.488824
2.6565	-3.4696	1.7536	117.0000	739193.488824
2.6733	-3.4355	1.8204	117.0000	739193.488824
2.6898	-3.4015	1.8872	117.0000	739193.488824
2.7063	-3.3674	1.9541	117.0000	739193.488824
2.7230	-3.3674	1.9541	117.0000	739193.488824
2.7396	-3.3674	1.9541	117.0000	739193.488824
2.7562	-3.3674	1.9541	117.0000	739193.488824
2.7728	-3.3674	1.9541	117.0000	739193.488824
2.7894	-3.3674	1.9541	117.0000	739193.488824
2.8060	-3.3674	1.9541	117.0000	739193.488824
2.8226	-3.3674	1.9541	117.0000	739193.488824
2.8392	-3.3674	1.9541	117.0000	739193.488824
2.8557	-3.3674	1.9541	117.0000	739193.488824
2.8723	-3.3674	1.9541	117.0000	739193.488824
2.8889	-3.3674	1.9541	117.0000	739193.488824
2.9058	-3.3674	1.9541	120.0000	739193.488824
2.9222	-3.3674	1.9541	123.0000	739193.488824
2.9388	-3.3674	1.9541	126.0000	739193.488824
2.9554	-3.3674	1.9541	129.0000	739193.488824
2.9721	-3.3674	1.9541	132.0000	739193.488824
2.9886	-3.3674	1.9541	135.0000	739193.488824
3.0054	-3.3674	1.9541	138.0000	739193.488824
3.0218	-3.3674	1.9541	141.0000	739193.488824
3.0385	-3.3674	1.9541	144.0000	739193.488824
3.0553	-3.3674	1.9541	147.0000	739193.488824
3.0717	-3.3674	1.9541	150.0000	739193.488824
3.0882	-3.3674	1.9541	153.0000	739193.488824
3.1048	-3.3674	1.9541	156.0000	739193.488824
3.1215	-3.3674	1.9541	159.0000	739193.488824
3.1381	-3.3674	1.9541	162.0000	739193.488824
3.1546	-3.3674	1.9541	165.0000	739193.488824
3.1713	-3.3674	1.9541	168.0000	739193.488824
3.1879	-3.3674	1.9541	171.0000	739193.488824
3.2045	-3.3674	1.9541	174.0000	739193.488824
3.2212	-3.3674	1.9541	177.0000	739193.488824
3.2378	-3.3674	1.9541	180.0000	739193.488824
3.2543	-3.3674	1.9541	183.0000	739193.488824
3.2711	-3.3674	1.9541	186.0000	739193.488824
3.2876	-3.3674	1.9541	189.0000	739193.488824
3.3042	-3.3674	1.9541	192.0000	739193.488824
3.3208	-3.3674	1.9541	195.0000	739193.488824
3.3374	-3.3674	1.9541	198.0000	739193.488824
3.3540	-3.3674	1.9541	198.0000	739193.488824
3.3706	-3.3674	1.9541	198.0000	739193.488824
3.3871	-3.3674	1.9541	198.0000	739193.488824
3.4038	-3.3674	1.9541	198.0000	739193.488824
3.4203	-3.3674	1.9541	198.0000	739193.488824
3.4370	-3.3674	1.9541	198.0000	739193.488824
3.4536	-3.3674	1.9541	198.0000	739193.488824
3.4702	-3.3674	1.9541	198.0000	739193.488824
3.4868	-3.3674	1.9541	198.0000	739193.488824
3.5034	-3.2961	1.9309	198.0000	739193.488824
3.5201	-3.2248	1.9077	198.0000	739193.488824
3.5367	-3.1534	1.8845	198.0000	739193.488824
3.5533	-3.0821	1.8614	198.0000	739193.488824
3.5699	-3.0108	1.8382	198.0000	739193.488824
3.5866	-2.9395	1.8150	198.0000	739193.488824
3.6033	-2.8681	1.7918	198.0000	739193.488824
3.6199	-2.7968	1.7687	198.0000	739193.488824
3.6364	-2.7255	1.7455	198.0000	739193.488824
3.6529	-2.6541	1.7223	198.0000	739193.488824
3.6694	-2.5828	1.6991	198.0000	739193.488824
3.6860	-2.5115	1.6760	198.0000	739193.488824
3.7026	-2.4402	1.6528	198.0000	739193.488824
3.7192	-2.3688	1.6296	198.0000	739193.488824
3.7358	-2.2975	1.6064	198.0000	739193.488824
3.7525	-2.2262	1.5832	198.0000	739193.488824
3.7691	-2.1537	1.5638	195.0000	739193.488824
3.7857	-2.1537	1.5638	192.0000	739193.488824
3.8023	-2.1537	1.5638	189.0000	739193.488824
3.8189	-2.1537	1.5638	186.0000	739193.488824
3.8355	-2.1537	1.5638	183.0000	739193.488824
3.8520	-2.1537	1.5638	180.0000	739193.488824
3.8687	-2.1537	1.5638	177.0000	739193.488824
3.8853	-2.1537	1.5638	174.0000	739193.488824
3.9020	-2.1537	1.5638	171.0000	739193.488824
3.9187	-2.1537	1.5638	168.0000	739193.488824
3.9351	-2.1537	1.5638	165.0000	739193.488824
3.9517	-2.1537	1.5638	162.0000	739193.488824
3.9683	-2.1537	1.5638	159.0000	739193.488824
3.9851	-2.1537	1.5638	156.0000	739193.488824
4.0017	-2.1537	1.5638	153.0000	739193.488824
4.0182	-2.1537	1.5638	150.0000	739193.488824
4.0347	-2.1537	1.5638	147.0000	739193.488824
4.0514	-2.1537	1.5638	144.0000	739193.488824
4.0685	-2.1537	1.5638	141.0000	739193.488824
4.0846	-2.1537	1.5638	138.0000	739193.488824
4.1012	-2.1537	1.5638	135.0000	739193.488824
4.1178	-2.1537	1.5638	132.0000	739193.488824
4.1344	-2.1537	1.5638	129.0000	739193.488824
4.1510	-2.1537	1.5638	126.0000	739193.488824
4.1676	-2.1537	1.5638	123.0000	739193.488824
4.1842	-2.1537	1.5638	120.0000	739193.488824
4.2008	-2.1537	1.5638	117.0000	739193.488824
4.2175	-2.1537	1.5638	114.0000	739193.488824
4.2341	-2.1537	1.5638	111.0000	739193.488824
4.2506	-2.1537	1.5638	108.0000	739193.488824
4.2673	-2.1537	1.5638	105.0000	739193.488824
4.2839	-2.1537	1.5638	102.0000	739193.488824
4.3005	-2.1537	1.5638	99.0000	739193.488824
4.3171	-2.1537	1.5638	96.0000	739193.488824
4.3337	-2.1537	1.5638	93.0000	739193.488824
4.3502	-2.1537	1.5638	90.0000	739193.488824
4.3670	-2.1537	1.5638	87.0000	739193.488824
4.3839	-2.1537	1.5638	87.0000	739193.488824
4.4001	-2.1537	1.5638	87.0000	739193.488824
4.4168	-2.1537	1.5638	87.0000	739193.488824
4.4333	-2.1537	1.5638	87.0000	739193.488824
4.4500	-2.1537	1.5638	87.0000	739193.488824
4.4666	-2.1537	1.5638	87.0000	739193.488824
4.4832	-2.1537	1.5638	87.0000	739193.488824
4.4997	-2.1537	1.5638	87.0000	739193.488824
4.5164	-2.1537	1.5638	87.0000	739193.488824
4.5329	-2.1537	1.5638	87.0000	739193.488824
4.5495	-2.1537	1.5638	87.0000	739193.488824
4.5661	-2.1537	1.5638	87.0000	739193.488824
4.5829	-2.1537	1.5638	87.0000	739193.488824
4.5995	-2.1537	1.5638	87.0000	739193.488824
4.6160	-2.1537	1.5638	87.0000	739193.488824
4.6326	-2.1537	1.5638	87.0000	739193.488824
4.6492	-2.1537	1.5638	87.0000	739193.488824
4.6658	-2.1537	1.5638	87.0000	739193.488824
4.6824	-2.1537	1.5638	87.0000	739193.488824
4.6990	-2.1537	1.5638	87.0000	739193.488824
4.7157	-2.1537	1.5638	87.0000	739193.488824
4.7321	-2.1537	1.5638	87.0000	739193.488824
4.7489	-2.1537	1.5638	87.0000	739193.488824
4.7654	-2.1537	1.5638	87.0000	739193.488824
4.7822	-2.1537	1.5638	87.0000	739193.488824
4.7986	-2.1537	1.5638	87.0000	739193.488824
4.8154	-2.1537	1.5638	87.0000	739193.488824
4.8319	-2.1537	1.5638	87.0000	739193.488824
4.8485	-2.1537	1.5638	87.0000	739193.488824
4.8650	-2.1537	1.5638	84.0000	739193.488824
4.8818	-2.1537	1.5638	81.0000	739193.488824
4.8983	-2.1537	1.5638	78.0000	739193.488824
4.9149	-2.1537	1.5638	78.0000	739193.488824
4.9315	-2.1537	1.5638	78.0000	739193.488824
4.9481	-2.1537	1.5638	78.0000	739193.488824
4.9648	-2.1537	1.5638	78.0000	739193.488824
4.9813	-2.1537	1.5638	78.0000	739193.488824
4.9979	-2.1537	1.5638	78.0000	739193.488824
5.0145	-2.1693	1.6372	78.0000	739193.488824
5.0310	-2.1849	1.7106	78.0000	739193.488824
5.0477	-2.2005	1.7839	78.0000	739193.488824
5.0644	-2.2161	1.8573	78.0000	739193.488824
5.0809	-2.2317	1.9306	78.0000	739193.488824
5.0976	-2.2473	2.0040	78.0000	739193.488824
5.1142	-2.2629	2.0774	78.0000	739193.488824
5.1307	-2.2746	2.1514	81.0000	739193.488824
5.1474	-2.2824	2.2260	84.0000	739193.488824
5.1640	-2.2864	2.3009	87.0000	739193.488824
5.1805	-2.2864	2.3759	90.0000	739193.488824
5.1972	-2.2824	2.4508	93.0000	739193.488824
5.2138	-2.2746	2.5254	96.0000	739193.488824
5.2304	-2.2629	2.5995	99.0000	739193.488824
5.2470	-2.2473	2.6729	102.0000	739193.488824
5.2637	-2.2279	2.7453	105.0000	739193.488824
5.2802	-2.2047	2.8166	108.0000	739193.488824
5.2969	-2.1778	2.8866	111.0000	739193.488824
5.3134	-2.1473	2.9552	114.0000	739193.488824
5.3301	-2.1473	2.9552	117.0000	739193.488824
5.3467	-2.1473	2.9552	120.0000	739193.488824
5.3633	-2.1473	2.9552	123.0000	739193.488824
5.3799	-2.1473	2.9552	126.0000	739193.488824
5.3964	-2.1473	2.9552	129.0000	739193.488824
5.4130	-2.1473	2.9552	132.0000	739193.488824
5.4298	-2.1473	2.9552	132.0000	739193.488824
5.4463	-2.1473	2.9552	132.0000	739193.488824
5.4630	-2.1473	2.9552	132.0000	739193.488824
5.4795	-2.1473	2.9552	132.0000	739193.488824
5.4961	-2.1473	2.9552	132.0000	739193.488824
5.5127	-2.1473	2.9552	132.0000	739193.488824
5.5292	-2.1473	2.9552	132.0000	739193.488824
5.5459	-2.1473	2.9552	132.0000	739193.488824
5.5625	-2.1473	2.9552	132.0000	739193.488824
5.5792	-2.1473	2.9552	129.0000	739193.488824
5.5959	-2.1473	2.9552	126.0000	739193.488824
5.6124	-2.1473	2.9552	123.0000	739193.488824
5.6288	-2.1473	2.9552	120.0000	739193.488824
5.6455	-2.1473	2.9552	117.0000	739193.488824
5.6622	-2.1473	2.9552	114.0000	739193.488824
5.6788	-2.1473	2.9552	111.0000	739193.488824
5.6954	-2.1473	2.9552	108.0000	739193.488824
5.7120	-2.1473	2.9552	105.0000	739193.488824
5.7286	-2.1473	2.9552	102.0000	739193.488824
5.7452	-2.1473	2.9552	99.0000	739193.488824
5.7617	-2.1473	2.9552	96.0000	739193.488824
5.7784	-2.1473	2.9552	93.0000	739193.488824
5.7950	-2.1473	2.9552	90.0000	739193.488824
5.8116	-2.1473	2.9552	87.0000	739193.488824
5.8282	-2.1473	2.9552	84.0000	739193.488824
5.8449	-2.1473	2.9552	81.0000	739193.488824
5.8614	-2.1473	2.9552	78.0000	739193.488824
5.8781	-2.1473	2.9552	75.0000	739193.488824
5.8947	-2.1473	2.9552	72.0000	739193.488824
5.9113	-2.1473	2.9552	69.0000	739193.488824
5.9278	-2.1473	2.9552	66.0000	739193.488824
5.9445	-2.1473	2.9552	63.0000	739193.488824
5.9611	-2.1473	2.9552	60.0000	739193.488824
5.9777	-2.1473	2.9552	57.0000	739193.488824
5.9942	-2.1473	2.9552	54.0000	739193.488824
6.0109	-2.1473	2.9552	54.0000	739193.488824
6.0274	-2.1914	3.0158	54.0000	739193.488824
6.0440	-2.2355	3.0765	54.0000	739193.488824
6.0606	-2.2796	3.1372	54.0000	739193.488824
6.0773	-2.3236	3.1979	54.0000	739193.488824
6.0938	-2.3645	3.2608	57.0000	739193.488824
6.1104	-2.4020	3.3257	60.0000	739193.488824
6.1271	-2.4360	3.3925	63.0000	739193.488824
6.1436	-2.4665	3.4611	66.0000	739193.488824
6.1604	-2.4934	3.5311	69.0000	739193.488824
6.1771	-2.5166	3.6024	72.0000	739193.488824
6.1934	-2.5360	3.6749	75.0000	739193.488824
6.2102	-2.5516	3.7482	78.0000	739193.488824
6.2267	-2.5633	3.8223	81.0000	739193.488824
6.2433	-2.5712	3.8969	84.0000	739193.488824
6.2599	-2.5751	3.9718	87.0000	739193.488824
6.2765	-2.5751	4.0468	90.0000	739193.488824
6.2931	-2.5712	4.1217	93.0000	739193.488824
6.3097	-2.5633	4.1963	96.0000	739193.488824
6.3263	-2.5516	4.2703	99.0000	739193.488824
6.3431	-2.5516	4.2703	102.0000	739193.488824
6.3595	-2.5516	4.2703	105.0000	739193.488824
6.3761	-2.5516	4.2703	108.0000	739193.488824
6.3928	-2.5516	4.2703	111.0000	739193.488824
6.4095	-2.5516	4.2703	114.0000	739193.488824
6.4260	-2.5516	4.2703	117.0000	739193.488824
6.4425	-2.5516	4.2703	120.0000	739193.488824
6.4594	-2.5516	4.2703	123.0000	739193.488824
6.4758	-2.5516	4.2703	126.0000	739193.488824
6.4924	-2.5516	4.2703	129.0000	739193.488824
6.5090	-2.5516	4.2703	132.0000	739193.488824
6.5257	-2.5516	4.2703	135.0000	739193.488824
6.5423	-2.5516	4.2703	138.0000	739193.488824
6.5589	-2.5516	4.2703	141.0000	739193.488824
6.5755	-2.5516	4.2703	144.0000	739193.488824
6.5920	-2.5516	4.2703	147.0000	739193.488824
6.6088	-2.5516	4.2703	150.0000	739193.488824
6.6252	-2.5516	4.2703	153.0000	739193.488824
6.6419	-2.5516	4.2703	156.0000	739193.488824
6.6585	-2.5516	4.2703	156.0000	739193.488824
6.6750	-2.5516	4.2703	159.0000	739193.488824
6.6917	-2.5516	4.2703	162.0000	739193.488824
6.7083	-2.5516	4.2703	165.0000	739193.488824
6.7249	-2.5516	4.2703	165.0000	739193.488824
6.7415	-2.5516	4.2703	165.0000	739193.488824
6.7583	-2.5516	4.2703	165.0000	739193.488824
6.7747	-2.5516	4.2703	165.0000	739193.488824
6.7913	-2.5516	4.2703	165.0000	739193.488824
6.8079	-2.5516	4.2703	165.0000	739193.488824
6.8245	-2.5516	4.2703	165.0000	739193.488824
6.8412	-2.5516	4.2703	165.0000	739193.488824
6.8577	-2.5516	4.2703	165.0000	739193.488824
6.8744	-2.4792	4.2897	165.0000	739193.488824
6.8909	-2.4067	4.3092	165.0000	739193.488824
6.9075	-2.3343	4.3286	165.0000	739193.488824
6.9243	-2.2618	4.3480	165.0000	739193.488824
6.9408	-2.1894	4.3674	165.0000	739193.488824
6.9575	-2.1169	4.3868	165.0000	739193.488824
6.9740	-2.0445	4.4062	165.0000	739193.488824
6.9906	-1.9721	4.4256	165.0000	739193.488824
7.0072	-1.8996	4.4450	165.0000	739193.488824
7.0238	-1.8272	4.4645	165.0000	739193.488824
7.0404	-1.7558	4.4876	162.0000	739193.488824
7.0570	-1.6858	4.5145	159.0000	739193.488824
7.0736	-1.6173	4.5450	156.0000	739193.488824
7.0903	-1.5505	4.5791	153.0000	739193.488824
7.1068	-1.4855	4.6166	150.0000	739193.488824
7.1234	-1.4226	4.6574	147.0000	739193.488824
7.1402	-1.3619	4.7015	144.0000	739193.488824
7.1567	-1.3037	4.7487	141.0000	739193.488824
7.1732	-1.3037	4.7487	138.0000	739193.488824
7.1899	-1.3037	4.7487	135.0000	739193.488824
7.2064	-1.3037	4.7487	132.0000	739193.488824
7.2231	-1.3037	4.7487	129.0000	739193.488824
7.2397	-1.3037	4.7487	126.0000	739193.488824
7.2563	-1.3037	4.7487	123.0000	739193.488824
7.2729	-1.3037	4.7487	120.0000	739193.488824
7.2894	-1.3037	4.7487	117.0000	739193.488824
7.3061	-1.3037	4.7487	114.0000	739193.488824
7.3227	-1.3037	4.7487	111.0000	739193.488824
7.3393	-1.3037	4.7487	108.0000	739193.488824
7.3558	-1.3037	4.7487	105.0000	739193.488824
7.3726	-1.3037	4.7487	102.0000	739193.488824
7.3891	-1.3037	4.7487	99.0000	739193.488824
7.4057	-1.3037	4.7487	99.0000	739193.488824
7.4223	-1.3037	4.7487	99.0000	739193.488824
7.4389	-1.3037	4.7487	99.0000	739193.488824
7.4555	-1.3037	4.7487	99.0000	739193.488824
7.4722	-1.3037	4.7487	99.0000	739193.488824
7.4889	-1.3037	4.7487	99.0000	739193.488824
7.5054	-1.3037	4.7487	99.0000	739193.488824
7.5221	-1.3037	4.7487	99.0000	739193.488824
7.5386	-1.3037	4.7487	99.0000	739193.488824
7.5552	-1.3037	4.7487	99.0000	739193.488824
7.5718	-1.3037	4.7487	99.0000	739193.488824
7.5885	-1.3037	4.7487	99.0000	739193.488824
7.6050	-1.3037	4.7487	99.0000	739193.488824
7.6216	-1.3037	4.7487	99.0000	739193.488824
7.6382	-1.3037	4.7487	99.0000	739193.488824
7.6548	-1.2919	4.8228	99.0000	739193.488824
7.6714	-1.2802	4.8968	99.0000	739193.488824
7.6880	-1.2685	4.9709	99.0000	739193.488824
7.7047	-1.2567	5.0450	99.0000	739193.488824
7.7212	-1.2450	5.1191	99.0000	739193.488824
7.7379	-1.2333	5.1932	99.0000	739193.488824
7.7545	-1.2215	5.2672	99.0000	739193.488824
7.7711	-1.2098	5.3413	99.0000	739193.488824
7.7877	-1.1981	5.4154	99.0000	739193.488824
7.8043	-1.1863	5.4895	99.0000	739193.488824
7.8209	-1.1863	5.4895	99.0000	739193.488824
7.8374	-1.1863	5.4895	96.0000	739193.488824
7.8540	-1.1863	5.4895	93.0000	739193.488824
7.8707	-1.1863	5.4895	90.0000	739193.488824
7.8874	-1.1863	5.4895	87.0000	739193.488824
7.9039	-1.1863	5.4895	84.0000	739193.488824
7.9207	-1.1863	5.4895	81.0000	739193.488824
7.9371	-1.1863	5.4895	78.0000	739193.488824
7.9536	-1.1863	5.4895	75.0000	739193.488824
7.9703	-1.1863	5.4895	72.0000	739193.488824
7.9872	-1.1863	5.4895	69.0000	739193.488824
8.0034	-1.1863	5.4895	66.0000	739193.488824
8.0202	-1.1863	5.4895	63.0000	739193.488824
8.0368	-1.1863	5.4895	60.0000	739193.488824
8.0533	-1.1863	5.4895	57.0000	739193.488824
8.0699	-1.1863	5.4895	54.0000	739193.488824
8.0866	-1.1863	5.4895	51.0000	739193.488824
8.1033	-1.1863	5.4895	48.0000	739193.488824
8.1199	-1.1863	5.4895	45.0000	739193.488824
8.1367	-1.1863	5.4895	42.0000	739193.488824
8.1531	-1.1863	5.4895	39.0000	739193.488824
8.1697	-1.1863	5.4895	36.0000	739193.488824
8.1863	-1.1863	5.4895	33.0000	739193.488824
8.2029	-1.1863	5.4895	30.0000	739193.488824
8.2194	-1.1863	5.4895	27.0000	739193.488824
8.2359	-1.1863	5.4895	24.0000	739193.488824
8.2526	-1.1863	5.4895	21.0000	739193.488824
8.2692	-1.1863	5.4895	18.0000	739193.488824
8.2864	-1.1863	5.4895	15.0000	739193.488824
8.3024	-1.1863	5.4895	12.0000	739193.488824
8.3191	-1.1863	5.4895	12.0000	739193.488824
8.3357	-1.1863	5.4895	12.0000	739193.488824
8.3523	-1.1863	5.4895	12.0000	739193.488824
8.3689	-1.1863	5.4895	12.0000	739193.488824
8.3855	-1.1863	5.4895	12.0000	739193.488824
8.4021	-1.1863	5.4895	12.0000	739193.488824
8.4187	-1.1863	5.4895	12.0000	739193.488824
8.4352	-1.1863	5.4895	12.0000	739193.488824
8.4520	-1.1863	5.4895	12.0000	739193.488824
8.4686	-1.1863	5.4895	12.0000	739193.488824
8.4851	-1.1863	5.4895	12.0000	739193.488824
8.5016	-1.1863	5.4895	12.0000	739193.488824
8.5183	-1.1863	5.4895	12.0000	739193.488824
8.5349	-1.1863	5.4895	12.0000	739193.488824
8.5516	-1.1863	5.4895	12.0000	739193.488824
8.5681	-1.1863	5.4895	12.0000	739193.488824
8.5848	-1.1863	5.4895	12.0000	739193.488824
8.6014	-1.1863	5.4895	12.0000	739193.488824
8.6179	-1.1863	5.4895	12.0000	739193.488824
8.6346	-1.1863	5.4895	12.0000	739193.488824
8.6512	-1.1863	5.4895	12.0000	739193.488824
8.6678	-1.1863	5.4895	12.0000	739193.488824
8.6844	-1.1863	5.4895	12.0000	739193.488824
8.7011	-1.1863	5.4895	12.0000	739193.488824
8.7177	-1.1863	5.4895	12.0000	739193.488824
8.7342	-1.2597	5.5051	12.0000	739193.488824
8.7508	-1.3331	5.5206	12.0000	739193.488824
8.7673	-1.4064	5.5362	12.0000	739193.488824
8.7840	-1.4798	5.5518	12.0000	739193.488824
8.8006	-1.5531	5.5674	12.0000	739193.488824
8.8172	-1.6265	5.5830	12.0000	739193.488824
8.8338	-1.6999	5.5986	12.0000	739193.488824
8.8504	-1.7732	5.6142	12.0000	739193.488824
8.8670	-1.8466	5.6298	12.0000	739193.488824
8.8838	-1.9199	5.6454	12.0000	739193.488824
8.9003	-1.9933	5.6610	12.0000	739193.488824
8.9169	-2.0667	5.6766	12.0000	739193.488824
8.9336	-2.1400	5.6922	12.0000	739193.488824
8.9500	-2.2134	5.7078	12.0000	739193.488824
8.9667	-2.2867	5.7234	12.0000	739193.488824
8.9833	-2.3601	5.7390	12.0000	739193.488824
8.9999	-2.4335	5.7545	12.0000	739193.488824
9.0166	-2.5068	5.7701	12.0000	739193.488824
9.0331	-2.5809	5.7819	9.0000	739193.488824
9.0497	-2.6555	5.7897	6.0000	739193.488824
9.0663	-2.7304	5.7936	3.0000	739193.488824
9.0830	-2.8054	5.7936	0.0000	739193.488824
9.0994	-2.8803	5.7897	-3.0000	739193.488824
9.1162	-2.9549	5.7819	-6.0000	739193.488824
9.1327	-3.0290	5.7701	-9.0000	739193.488824
9.1493	-3.1023	5.7545	-12.0000	739193.488824
9.1659	-3.1748	5.7351	-15.0000	739193.488824
9.1826	-3.2461	5.7120	-18.0000	739193.488824
9.1992	-3.3161	5.6851	-21.0000	739193.488824
9.2158	-3.3846	5.6546	-24.0000	739193.488824
9.2324	-3.4515	5.6205	-27.0000	739193.488824
9.2490	-3.5164	5.5830	-30.0000	739193.488824
9.2656	-3.5793	5.5422	-33.0000	739193.488824
9.2822	-3.6400	5.4981	-36.0000	739193.488824
9.2988	-3.6983	5.4509	-39.0000	739193.488824
9.3154	-3.7540	5.4007	-42.0000	739193.488824
9.3320	-3.8070	5.3477	-45.0000	739193.488824
9.3486	-3.8572	5.2919	-48.0000	739193.488824
9.3652	-3.9044	5.2337	-51.0000	739193.488824
9.3819	-3.9485	5.1730	-54.0000	739193.488824
9.3985	-3.9485	5.1730	-57.0000	739193.488824
9.4150	-3.9485	5.1730	-60.0000	739193.488824
9.4315	-3.9485	5.1730	-63.0000	739193.488824
9.4482	-3.9485	5.1730	-66.0000	739193.488824
9.4649	-3.9485	5.1730	-69.0000	739193.488824
9.4814	-3.9485	5.1730	-72.0000	739193.488824
9.4980	-3.9485	5.1730	-72.0000	739193.488824
9.5147	-3.9485	5.1730	-72.0000	739193.488824
9.5312	-3.9485	5.1730	-72.0000	739193.488824
9.5478	-3.9485	5.1730	-72.0000	739193.488824
9.5645	-3.9485	5.1730	-72.0000	739193.488824
9.5812	-3.9485	5.1730	-72.0000	739193.488824
9.5977	-3.9485	5.1730	-72.0000	739193.488824
9.6143	-3.9485	5.1730	-72.0000	739193.488824
9.6310	-3.9485	5.1730	-72.0000	739193.488824
9.6475	-3.9485	5.1730	-72.0000	739193.488824
9.6642	-3.9485	5.1730	-72.0000	739193.488824
9.6808	-3.9485	5.1730	-72.0000	739193.488824
9.6972	-3.9485	5.1730	-72.0000	739193.488824
9.7139	-3.9485	5.1730	-72.0000	739193.488824
9.7306	-3.9485	5.1730	-72.0000	739193.488824
9.7471	-3.9485	5.1730	-72.0000	739193.488824
9.7638	-3.9485	5.1730	-72.0000	739193.488824
9.7804	-3.9485	5.1730	-72.0000	739193.488824
9.7971	-3.9485	5.1730	-69.0000	739193.488824
9.8136	-3.9485	5.1730	-66.0000	739193.488824
9.8302	-3.9485	5.1730	-63.0000	739193.488824
9.8468	-3.9485	5.1730	-60.0000	739193.488824
9.8634	-3.9485	5.1730	-57.0000	739193.488824
9.8800	-3.9485	5.1730	-54.0000	739193.488824
9.8966	-3.9485	5.1730	-51.0000	739193.488824
9.9132	-3.9485	5.1730	-48.0000	739193.488824
9.9298	-3.9485	5.1730	-45.0000	739193.488824
9.9464	-3.9485	5.1730	-42.0000	739193.488824
9.9630	-3.9485	5.1730	-39.0000	739193.488824
9.9795	-3.9485	5.1730	-36.0000	739193.488824
9.9962	-3.9485	5.1730	-33.0000	739193.488824
10.0129	-3.9485	5.1730	-30.0000	739193.488824
10.0294	-3.9485	5.1730	-27.0000	739193.488824
10.0460	-3.9485	5.1730	-24.0000	739193.488824
10.0627	-4.0185	5.1461	-21.0000	739193.488824
10.0793	-4.0899	5.1229	-18.0000	739193.488824
10.0958	-4.1612	5.0997	-18.0000	739193.488824
10.1124	-4.2325	5.0766	-18.0000	739193.488824
10.1291	-4.3038	5.0534	-18.0000	739193.488824
10.1456	-4.3752	5.0302	-18.0000	739193.488824
10.1623	-4.4465	5.0070	-18.0000	739193.488824
10.1788	-4.5178	4.9839	-18.0000	739193.488824
10.1954	-4.5892	4.9607	-18.0000	739193.488824
10.2120	-4.6605	4.9375	-18.0000	739193.488824
10.2288	-4.7305	4.9106	-21.0000	739193.488824
10.2453	-4.7990	4.8801	-24.0000	739193.488824
10.2619	-4.8658	4.8461	-27.0000	739193.488824
10.2785	-4.9308	4.8086	-30.0000	739193.488824
10.2951	-4.9937	4.7677	-33.0000	739193.488824
10.3118	-5.0544	4.7237	-36.0000	739193.488824
10.3291	-5.1127	4.6765	-39.0000	739193.488824
10.3449	-5.1684	4.6263	-42.0000	739193.488824
10.3616	-5.2214	4.5732	-45.0000	739193.488824
10.3782	-5.2716	4.5175	-48.0000	739193.488824
10.3948	-5.3188	4.4592	-51.0000	739193.488824
10.4113	-5.3629	4.3985	-54.0000	739193.488824
10.4279	-5.4037	4.3356	-57.0000	739193.488824
10.4445	-5.4412	4.2707	-60.0000	739193.488824
10.4612	-5.4753	4.2039	-63.0000	739193.488824
10.4778	-5.5058	4.1353	-66.0000	739193.488824
10.4944	-5.5327	4.0653	-69.0000	739193.488824
10.5110	-5.5559	3.9940	-72.0000	739193.488824
10.5276	-5.5559	3.9940	-75.0000	739193.488824
10.5442	-5.5559	3.9940	-75.0000	739193.488824
10.5608	-5.5559	3.9940	-75.0000	739193.488824
10.5775	-5.5559	3.9940	-75.0000	739193.488824
10.5939	-5.5559	3.9940	-75.0000	739193.488824
10.6106	-5.5559	3.9940	-75.0000	739193.488824
10.6272	-5.5559	3.9940	-75.0000	739193.488824
10.6438	-5.5559	3.9940	-75.0000	739193.488824
10.6605	-5.5559	3.9940	-75.0000	739193.488824
10.6770	-5.5559	3.9940	-75.0000	739193.488824
10.6936	-5.5559	3.9940	-75.0000	739193.488824
10.7103	-5.5559	3.9940	-75.0000	739193.488824
10.7268	-5.5559	3.9940	-75.0000	739193.488824
10.7434	-5.5559	3.9940	-75.0000	739193.488824
10.7602	-5.5559	3.9940	-75.0000	739193.488824
10.7767	-5.5559	3.9940	-75.0000	739193.488824
10.7933	-5.5559	3.9940	-75.0000	739193.488824
10.8099	-5.5559	3.9940	-75.0000	739193.488824
10.8265	-5.5559	3.9940	-75.0000	739193.488824
10.8432	-5.5559	3.9940	-75.0000	739193.488824
10.8599	-5.5559	3.9940	-75.0000	739193.488824
10.8763	-5.5559	3.9940	-75.0000	739193.488824
10.8930	-5.5559	3.9940	-75.0000	739193.488824
10.9095	-5.5559	3.9940	-75.0000	739193.488824
10.9260	-5.5559	3.9940	-75.0000	739193.488824
10.9427	-5.5559	3.9940	-75.0000	739193.488824
10.9593	-5.5559	3.9940	-75.0000	739193.488824
10.9760	-5.5559	3.9940	-75.0000	739193.488824
10.9925	-5.5559	3.9940	-75.0000	739193.488824
11.0092	-5.5559	3.9940	-75.0000	739193.488824
11.0258	-5.5559	3.9940	-75.0000	739193.488824
11.0424	-5.5559	3.9940	-75.0000	739193.488824
11.0590	-5.5559	3.9940	-75.0000	739193.488824
11.0757	-5.5559	3.9940	-75.0000	739193.488824
11.0921	-5.5559	3.9940	-75.0000	739193.488824
11.1088	-5.5559	3.9940	-75.0000	739193.488824
11.1254	-5.5559	3.9940	-75.0000	739193.488824
11.1420	-5.5559	3.9940	-75.0000	739193.488824
11.1587	-5.5559	3.9940	-75.0000	739193.488824
11.1751	-5.5559	3.9940	-75.0000	739193.488824
11.1918	-5.5559	3.9940	-75.0000	739193.488824
11.2085	-5.5559	3.9940	-75.0000	739193.488824
11.2250	-5.5559	3.9940	-75.0000	739193.488824
11.2417	-5.5559	3.9940	-78.0000	739193.488824
11.2584	-5.5559	3.9940	-81.0000	739193.488824
11.2749	-5.5559	3.9940	-84.0000	739193.488824
11.2916	-5.5559	3.9940	-87.0000	739193.488824
11.3081	-5.5559	3.9940	-90.0000	739193.488824
11.3247	-5.5519	3.9191	-93.0000	739193.488824
11.3413	-5.5441	3.8445	-96.0000	739193.488824
11.3579	-5.5362	3.7699	-96.0000	739193.488824
11.3745	-5.5284	3.6953	-96.0000	739193.488824
11.3911	-5.5206	3.6207	-96.0000	739193.488824
11.4078	-5.5127	3.5462	-96.0000	739193.488824
11.4243	-5.5049	3.4716	-96.0000	739193.488824
11.4409	-5.4970	3.3970	-96.0000	739193.488824
11.4575	-5.4892	3.3224	-96.0000	739193.488824
11.4743	-5.4814	3.2478	-96.0000	739193.488824
11.4907	-5.4735	3.1732	-96.0000	739193.488824
11.5073	-5.4657	3.0986	-96.0000	739193.488824
11.5239	-5.4579	3.0240	-96.0000	739193.488824
11.5405	-5.4539	2.9491	-93.0000	739193.488824
11.5571	-5.4539	2.8741	-90.0000	739193.488824
11.5737	-5.4579	2.7992	-87.0000	739193.488824
11.5902	-5.4657	2.7246	-84.0000	739193.488824
11.6070	-5.4774	2.6506	-81.0000	739193.488824
11.6236	-5.4930	2.5772	-78.0000	739193.488824
11.6403	-5.5086	2.5038	-78.0000	739193.488824
11.6567	-5.5242	2.4305	-78.0000	739193.488824
11.6733	-5.5398	2.3571	-78.0000	739193.488824
11.6899	-5.5554	2.2838	-78.0000	739193.488824
11.7066	-5.5710	2.2104	-78.0000	739193.488824
11.7232	-5.5866	2.1370	-78.0000	739193.488824
11.7399	-5.6022	2.0637	-78.0000	739193.488824
11.7564	-5.6178	1.9903	-78.0000	739193.488824
11.7730	-5.6334	1.9170	-78.0000	739193.488824
11.7895	-5.6490	1.8436	-78.0000	739193.488824
11.8063	-5.6645	1.7702	-78.0000	739193.488824
11.8228	-5.6801	1.6969	-78.0000	739193.488824
11.8393	-5.6957	1.6235	-78.0000	739193.488824
11.8560	-5.7113	1.5502	-78.0000	739193.488824
11.8726	-5.7269	1.4768	-78.0000	739193.488824
11.8893	-5.7425	1.4034	-78.0000	739193.488824
11.9058	-5.7542	1.3294	-81.0000	739193.488824
11.9224	-5.7621	1.2548	-84.0000	739193.488824
11.9391	-5.7660	1.1799	-87.0000	739193.488824
11.9557	-5.7660	1.1049	-90.0000	739193.488824
11.9722	-5.7621	1.0300	-93.0000	739193.488824
11.9889	-5.7542	0.9554	-96.0000	739193.488824
12.0055	-5.7425	0.8813	-99.0000	739193.488824
12.0221	-5.7269	0.8079	-102.0000	739193.488824
12.0387	-5.7075	0.7355	-105.0000	739193.488824
12.0553	-5.6843	0.6642	-108.0000	739193.488824
12.0719	-5.6575	0.5941	-111.0000	739193.488824
12.0885	-5.6269	0.5256	-114.0000	739193.488824
12.1051	-5.5929	0.4588	-117.0000	739193.488824
12.1218	-5.5554	0.3939	-120.0000	739193.488824
12.1383	-5.5554	0.3939	-123.0000	739193.488824
12.1550	-5.5554	0.3939	-126.0000	739193.488824
12.1715	-5.5554	0.3939	-129.0000	739193.488824
12.1881	-5.5554	0.3939	-132.0000	739193.488824
12.2047	-5.5554	0.3939	-135.0000	739193.488824
12.2213	-5.5554	0.3939	-138.0000	739193.488824
12.2380	-5.5554	0.3939	-141.0000	739193.488824
12.2546	-5.5554	0.3939	-144.0000	739193.488824
12.2712	-5.5554	0.3939	-147.0000	739193.488824
12.2878	-5.5554	0.3939	-150.0000	739193.488824
12.3044	-5.5554	0.3939	-153.0000	739193.488824
12.3210	-5.5554	0.3939	-156.0000	739193.488824
12.3375	-5.5554	0.3939	-159.0000	739193.488824
12.3542	-5.5554	0.3939	-162.0000	739193.488824
12.3708	-5.5554	0.3939	-165.0000	739193.488824
12.3875	-5.5554	0.3939	-168.0000	739193.488824
12.4040	-5.5554	0.3939	-171.0000	739193.488824
12.4207	-5.5554	0.3939	-174.0000	739193.488824
12.4373	-5.5554	0.3939	-177.0000	739193.488824
12.4539	-5.5554	0.3939	-177.0000	739193.488824
12.4704	-5.5554	0.3939	-177.0000	739193.488824
12.4870	-5.5554	0.3939	-177.0000	739193.488824
12.5036	-5.5554	0.3939	-177.0000	739193.488824
12.5203	-5.5554	0.3939	-177.0000	739193.488824
12.5369	-5.5554	0.3939	-177.0000	739193.488824
12.5535	-5.5554	0.3939	-177.0000	739193.488824
12.5701	-5.5554	0.3939	-177.0000	739193.488824
12.5867	-5.4805	0.3899	-177.0000	739193.488824
12.6033	-5.4056	0.3860	-177.0000	739193.488824
12.6200	-5.3307	0.3821	-177.0000	739193.488824
12.6366	-5.2558	0.3782	-177.0000	739193.488824
12.6533	-5.1809	0.3742	-177.0000	739193.488824
12.6698	-5.1060	0.3703	-177.0000	739193.488824
12.6865	-5.0311	0.3664	-177.0000	739193.488824
12.7031	-4.9561	0.3664	-180.0000	739193.488824
12.7195	-4.8812	0.3703	-183.0000	739193.488824
12.7361	-4.8066	0.3781	-186.0000	739193.488824
12.7527	-4.7326	0.3899	-189.0000	739193.488824
12.7694	-4.7326	0.3899	-192.0000	739193.488824
12.7859	-4.7326	0.3899	-195.0000	739193.488824
12.8026	-4.7326	0.3899	-198.0000	739193.488824
12.8194	-4.7326	0.3899	-201.0000	739193.488824
12.8358	-4.7326	0.3899	-204.0000	739193.488824
12.8523	-4.7326	0.3899	-207.0000	739193.488824
12.8691	-4.7326	0.3899	-210.0000	739193.488824
12.8855	-4.7326	0.3899	-213.0000	739193.488824
12.9021	-4.7326	0.3899	-216.0000	739193.488824
12.9187	-4.7326	0.3899	-219.0000	739193.488824
12.9354	-4.7326	0.3899	-222.0000	739193.488824
12.9519	-4.7326	0.3899	-225.0000	739193.488824
12.9685	-4.7326	0.3899	-228.0000	739193.488824
12.9851	-4.7326	0.3899	-231.0000	739193.488824
13.0017	-4.7326	0.3899	-234.0000	739193.488824
13.0185	-4.7326	0.3899	-237.0000	739193.488824
13.0351	-4.7326	0.3899	-240.0000	739193.488824
13.0516	-4.7326	0.3899	-243.0000	739193.488824
13.0682	-4.7326	0.3899	-246.0000	739193.488824
13.0848	-4.7326	0.3899	-249.0000	739193.488824
13.1014	-4.7326	0.3899	-252.0000	739193.488824
13.1180	-4.7326	0.3899	-255.0000	739193.488824
13.1346	-4.7326	0.3899	-258.0000	739193.488824
13.1512	-4.7326	0.3899	-258.0000	739193.488824
13.1680	-4.7170	0.4632	-258.0000	739193.488824
13.1845	-4.7014	0.5366	-258.0000	739193.488824
13.2011	-4.6858	0.6100	-258.0000	739193.488824
13.2176	-4.6702	0.6833	-258.0000	739193.488824
13.2343	-4.6546	0.7567	-258.0000	739193.488824
13.2508	-4.6390	0.8300	-258.0000	739193.488824
13.2675	-4.6234	0.9034	-258.0000	739193.488824
13.2841	-4.6078	0.9768	-258.0000	739193.488824
13.3008	-4.5922	1.0501	-258.0000	739193.488824
13.3173	-4.5766	1.1235	-258.0000	739193.488824
13.3339	-4.5610	1.1968	-258.0000	739193.488824
13.3506	-4.5454	1.2702	-258.0000	739193.488824
13.3672	-4.5298	1.3436	-258.0000	739193.488824
13.3838	-4.5142	1.4169	-258.0000	739193.488824
13.4004	-4.4987	1.4903	-258.0000	739193.488824
13.4170	-4.4831	1.5637	-258.0000	739193.488824
13.4336	-4.4675	1.6370	-258.0000	739193.488824
13.4503	-4.4519	1.7104	-258.0000	739193.488824
13.4668	-4.4363	1.7837	-258.0000	739193.488824
13.4833	-4.4207	1.8571	-258.0000	739193.488824
13.5001	-4.4051	1.9305	-258.0000	739193.488824
13.5166	-4.3895	2.0038	-258.0000	739193.488824
13.5332	-4.3739	2.0772	-258.0000	739193.488824
13.5498	-4.3583	2.1505	-258.0000	739193.488824
13.5664	-4.3427	2.2239	-258.0000	739193.488824
13.5830	-4.3310	2.2980	-261.0000	739193.488824
13.5997	-4.3231	2.3726	-264.0000	739193.488824
13.6164	-4.3192	2.4475	-267.0000	739193.488824
13.6329	-4.3192	2.5225	-270.0000	739193.488824
13.6495	-4.3231	2.5974	-273.0000	739193.488824
13.6661	-4.3310	2.6720	-276.0000	739193.488824
13.6826	-4.3427	2.7460	-279.0000	739193.488824
13.6993	-4.3545	2.8201	-279.0000	739193.488824
13.7158	-4.3662	2.8942	-279.0000	739193.488824
13.7324	-4.3779	2.9683	-279.0000	739193.488824
13.7491	-4.3896	3.0423	-279.0000	739193.488824
13.7657	-4.4014	3.1164	-279.0000	739193.488824
13.7822	-4.4131	3.1905	-279.0000	739193.488824
13.7990	-4.4248	3.2646	-279.0000	739193.488824
13.8155	-4.4366	3.3386	-279.0000	739193.488824
13.8322	-4.4483	3.4127	-279.0000	739193.488824
13.8487	-4.4600	3.4868	-279.0000	739193.488824
13.8653	-4.4718	3.5609	-279.0000	739193.488824
13.8820	-4.4835	3.6349	-279.0000	739193.488824
13.8986	-4.4952	3.7090	-279.0000	739193.488824
13.9151	-4.5070	3.7831	-279.0000	739193.488824
13.9317	-4.5187	3.8572	-279.0000	739193.488824
13.9483	-4.5304	3.9313	-279.0000	739193.488824
13.9649	-4.5422	4.0053	-279.0000	739193.488824
13.9815	-4.5539	4.0794	-279.0000	739193.488824
13.9982	-4.5656	4.1535	-279.0000	739193.488824
14.0148	-4.5774	4.2276	-279.0000	739193.488824
14.0313	-4.5891	4.3016	-279.0000	739193.488824
14.0480	-4.6008	4.3757	-279.0000	739193.488824
14.0648	-4.6126	4.4498	-279.0000	739193.488824
14.0812	-4.6243	4.5239	-279.0000	739193.488824
14.0978	-4.6360	4.5979	-279.0000	739193.488824
14.1144	-4.6478	4.6720	-279.0000	739193.488824
14.1309	-4.6595	4.7461	-279.0000	739193.488824
14.1475	-4.6673	4.8207	-276.0000	739193.488824
14.1643	-4.6713	4.8956	-273.0000	739193.488824
14.1808	-4.6713	4.9706	-270.0000	739193.488824
14.1975	-4.6673	5.0455	-267.0000	739193.488824
14.2141	-4.6595	5.1201	-264.0000	739193.488824
14.2308	-4.6595	5.1201	-261.0000	739193.488824
14.2471	-4.6595	5.1201	-258.0000	739193.488824
14.2639	-4.6595	5.1201	-255.0000	739193.488824
14.2805	-4.6595	5.1201	-252.0000	739193.488824
14.2971	-4.6595	5.1201	-249.0000	739193.488824
14.3136	-4.6595	5.1201	-246.0000	739193.488824
14.3303	-4.6595	5.1201	-243.0000	739193.488824
14.3469	-4.6595	5.1201	-240.0000	739193.488824
14.3635	-4.6595	5.1201	-237.0000	739193.488824
14.3801	-4.6595	5.1201	-234.0000	739193.488824
14.3967	-4.6595	5.1201	-231.0000	739193.488824
14.4133	-4.6595	5.1201	-228.0000	739193.488824
14.4299	-4.6595	5.1201	-225.0000	739193.488824
14.4464	-4.6595	5.1201	-222.0000	739193.488824
14.4631	-4.6595	5.1201	-219.0000	739193.488824
14.4797	-4.6595	5.1201	-216.0000	739193.488824
14.4964	-4.6595	5.1201	-213.0000	739193.488824
14.5129	-4.6595	5.1201	-210.0000	739193.488824
14.5294	-4.6595	5.1201	-210.0000	739193.488824
14.5461	-4.5945	5.1576	-210.0000	739193.488824
14.5627	-4.5296	5.1951	-210.0000	739193.488824
14.5794	-4.4646	5.2326	-210.0000	739193.488824
14.5959	-4.3997	5.2701	-210.0000	739193.488824
14.6125	-4.3347	5.3076	-210.0000	739193.488824
14.6291	-4.2698	5.3451	-210.0000	739193.488824
14.6457	-4.2048	5.3826	-210.0000	739193.488824
14.6623	-4.1399	5.4201	-210.0000	739193.488824
14.6791	-4.0749	5.4576	-210.0000	739193.488824
14.6957	-4.0100	5.4951	-210.0000	739193.488824
14.7121	-3.9450	5.5326	-210.0000	739193.488824
14.7288	-3.8801	5.5701	-210.0000	739193.488824
14.7455	-3.8151	5.6076	-210.0000	739193.488824
14.7620	-3.7483	5.6416	-207.0000	739193.488824
14.7785	-3.7483	5.6416	-204.0000	739193.488824
14.7952	-3.7483	5.6416	-201.0000	739193.488824
14.8118	-3.7483	5.6416	-198.0000	739193.488824
14.8284	-3.7483	5.6416	-195.0000	739193.488824
14.8456	-3.7483	5.6416	-192.0000	739193.488824
14.8616	-3.7483	5.6416	-189.0000	739193.488824
14.8782	-3.7483	5.6416	-186.0000	739193.488824
14.8948	-3.7483	5.6416	-183.0000	739193.488824
14.9115	-3.7483	5.6416	-180.0000	739193.488824
14.9281	-3.7483	5.6416	-177.0000	739193.488824
14.9447	-3.7483	5.6416	-174.0000	739193.488824
14.9613	-3.7483	5.6416	-174.0000	739193.488824
14.9779	-3.7483	5.6416	-174.0000	739193.488824
14.9945	-3.7483	5.6416	-174.0000	739193.488824
15.0111	-3.7483	5.6416	-174.0000	739193.488824
15.0276	-3.7483	5.6416	-174.0000	739193.488824
15.0443	-3.7483	5.6416	-174.0000	739193.488824
15.0609	-3.7483	5.6416	-174.0000	739193.488824
15.0775	-3.7483	5.6416	-174.0000	739193.488824
15.0941	-3.7483	5.6416	-174.0000	739193.488824
15.1107	-3.7483	5.6416	-174.0000	739193.488824
15.1272	-3.7483	5.6416	-174.0000	739193.488824
15.1438	-3.7483	5.6416	-174.0000	739193.488824
15.1605	-3.7483	5.6416	-174.0000	739193.488824
15.1773	-3.6737	5.6338	-174.0000	739193.488824
15.1937	-3.5991	5.6259	-174.0000	739193.488824
15.2104	-3.5245	5.6181	-174.0000	739193.488824
15.2269	-3.4499	5.6103	-174.0000	739193.488824
15.2435	-3.3754	5.6024	-174.0000	739193.488824
15.2602	-3.3008	5.5946	-174.0000	739193.488824
15.2768	-3.2262	5.5867	-174.0000	739193.488824
15.2934	-3.1516	5.5789	-174.0000	739193.488824
15.3100	-3.0770	5.5711	-174.0000	739193.488824
15.3266	-3.0024	5.5632	-174.0000	739193.488824
15.3432	-2.9278	5.5554	-174.0000	739193.488824
15.3597	-2.8532	5.5475	-174.0000	739193.488824
15.3764	-2.7786	5.5397	-174.0000	739193.488824
15.3930	-2.7041	5.5319	-174.0000	739193.488824
15.4096	-2.6295	5.5240	-174.0000	739193.488824
15.4262	-2.5549	5.5162	-174.0000	739193.488824
15.4428	-2.4803	5.5083	-174.0000	739193.488824
15.4594	-2.4057	5.5005	-174.0000	739193.488824
15.4760	-2.3311	5.4927	-174.0000	739193.488824
15.4926	-2.2565	5.4848	-174.0000	739193.488824
15.5093	-2.1819	5.4770	-174.0000	739193.488824
15.5259	-2.1079	5.4653	-171.0000	739193.488824
15.5425	-2.0345	5.4497	-168.0000	739193.488824
15.5592	-1.9620	5.4303	-165.0000	739193.488824
15.5757	-1.8907	5.4071	-162.0000	739193.488824
15.5923	-1.8207	5.3802	-159.0000	739193.488824
15.6089	-1.7522	5.3497	-156.0000	739193.488824
15.6255	-1.6854	5.3156	-153.0000	739193.488824
15.6421	-1.6204	5.2781	-150.0000	739193.488824
15.6588	-1.5575	5.2373	-147.0000	739193.488824
15.6753	-1.4968	5.1932	-144.0000	739193.488824
15.6919	-1.4385	5.1460	-141.0000	739193.488824
15.7086	-1.4385	5.1460	-138.0000	739193.488824
15.7251	-1.4385	5.1460	-135.0000	739193.488824
15.7417	-1.4385	5.1460	-132.0000	739193.488824
15.7583	-1.4385	5.1460	-129.0000	739193.488824
15.7749	-1.4385	5.1460	-126.0000	739193.488824
15.7915	-1.4385	5.1460	-123.0000	739193.488824
15.8081	-1.4385	5.1460	-120.0000	739193.488824
15.8248	-1.4385	5.1460	-117.0000	739193.488824
15.8413	-1.4385	5.1460	-114.0000	739193.488824
15.8580	-1.4385	5.1460	-111.0000	739193.488824
15.8746	-1.4385	5.1460	-108.0000	739193.488824
15.8911	-1.4385	5.1460	-105.0000	739193.488824
15.9078	-1.4385	5.1460	-102.0000	739193.488824
15.9243	-1.4385	5.1460	-99.0000	739193.488824
15.9410	-1.4385	5.1460	-96.0000	739193.488824
15.9576	-1.4385	5.1460	-93.0000	739193.488824
15.9743	-1.4385	5.1460	-90.0000	739193.488824
15.9907	-1.4385	5.1460	-87.0000	739193.488824
16.0074	-1.4385	5.1460	-87.0000	739193.488824
16.0240	-1.4385	5.1460	-87.0000	739193.488824
16.0406	-1.4385	5.1460	-87.0000	739193.488824
16.0574	-1.4385	5.1460	-87.0000	739193.488824
16.0740	-1.4385	5.1460	-87.0000	739193.488824
16.0905	-1.4385	5.1460	-87.0000	739193.488824
16.1071	-1.4385	5.1460	-87.0000	739193.488824
16.1237	-1.4425	5.0711	-87.0000	739193.488824
16.1403	-1.4464	4.9962	-87.0000	739193.488824
16.1570	-1.4503	4.9213	-87.0000	739193.488824
16.1735	-1.4542	4.8464	-87.0000	739193.488824
16.1900	-1.4582	4.7715	-87.0000	739193.488824
16.2068	-1.4621	4.6966	-87.0000	739193.488824
16.2232	-1.4660	4.6217	-87.0000	739193.488824
16.2399	-1.4699	4.5468	-87.0000	739193.488824
16.2565	-1.4739	4.4719	-87.0000	739193.488824
16.2731	-1.4778	4.3970	-87.0000	739193.488824
16.2897	-1.4817	4.3221	-87.0000	739193.488824
16.3063	-1.4856	4.2472	-87.0000	739193.488824
16.3229	-1.4856	4.2472	-87.0000	739193.488824
16.3395	-1.4856	4.2472	-87.0000	739193.488824
16.3561	-1.4856	4.2472	-87.0000	739193.488824
16.3727	-1.4856	4.2472	-87.0000	739193.488824
16.3894	-1.4856	4.2472	-87.0000	739193.488824
16.4060	-1.4856	4.2472	-87.0000	739193.488824
16.4225	-1.4856	4.2472	-87.0000	739193.488824
16.4393	-1.4856	4.2472	-87.0000	739193.488824
16.4558	-1.4856	4.2472	-87.0000	739193.488824
16.4724	-1.4856	4.2472	-87.0000	739193.488824
16.4890	-1.4896	4.1723	-87.0000	739193.488824
16.5055	-1.4935	4.0975	-87.0000	739193.488824
16.5221	-1.4974	4.0226	-87.0000	739193.488824
16.5387	-1.5013	3.9477	-87.0000	739193.488824
16.5553	-1.5053	3.8728	-87.0000	739193.488824
16.5720	-1.5092	3.7979	-87.0000	739193.488824
16.5886	-1.5131	3.7230	-87.0000	739193.488824
16.6052	-1.5170	3.6481	-87.0000	739193.488824
16.6219	-1.5210	3.5732	-87.0000	739193.488824
16.6385	-1.5249	3.4983	-87.0000	739193.488824
16.6551	-1.5288	3.4234	-87.0000	739193.488824
16.6717	-1.5327	3.3485	-87.0000	739193.488824
16.6882	-1.5367	3.2736	-87.0000	739193.488824
16.7048	-1.5406	3.1987	-87.0000	739193.488824
16.7214	-1.5445	3.1238	-87.0000	739193.488824
16.7381	-1.5484	3.0489	-87.0000	739193.488824
16.7546	-1.5484	2.9739	-90.0000	739193.488824
16.7713	-1.5445	2.8990	-93.0000	739193.488824
16.7878	-1.5367	2.8244	-96.0000	739193.488824
16.8046	-1.5249	2.7503	-99.0000	739193.488824
16.8212	-1.5094	2.6770	-102.0000	739193.488824
16.8377	-1.4899	2.6045	-105.0000	739193.488824
16.8544	-1.4668	2.5332	-108.0000	739193.488824
16.8708	-1.4399	2.4632	-111.0000	739193.488824
16.8875	-1.4094	2.3947	-114.0000	739193.488824
16.9042	-1.3753	2.3278	-117.0000	739193.488824
16.9208	-1.3378	2.2629	-120.0000	739193.488824
16.9374	-1.2970	2.2000	-123.0000	739193.488824
16.9540	-1.2529	2.1393	-126.0000	739193.488824
16.9706	-1.2057	2.0810	-129.0000	739193.488824
16.9872	-1.1555	2.0253	-132.0000	739193.488824
17.0038	-1.1555	2.0253	-135.0000	739193.488824
17.0204	-1.1555	2.0253	-138.0000	739193.488824
17.0370	-1.1555	2.0253	-141.0000	739193.488824
17.0536	-1.1555	2.0253	-144.0000	739193.488824
17.0702	-1.1555	2.0253	-147.0000	739193.488824
17.0868	-1.1555	2.0253	-150.0000	739193.488824
17.1034	-1.1555	2.0253	-153.0000	739193.488824
17.1201	-1.1555	2.0253	-156.0000	739193.488824
17.1367	-1.1555	2.0253	-159.0000	739193.488824
17.1534	-1.1555	2.0253	-162.0000	739193.488824
17.1702	-1.1555	2.0253	-165.0000	739193.488824
17.1866	-1.1555	2.0253	-168.0000	739193.488824
17.2033	-1.1555	2.0253	-171.0000	739193.488824
17.2199	-1.1555	2.0253	-174.0000	739193.488824
17.2365	-1.1555	2.0253	-177.0000	739193.488824
17.2529	-1.1555	2.0253	-180.0000	739193.488824
17.2695	-1.1555	2.0253	-183.0000	739193.488824
17.2861	-1.1555	2.0253	-186.0000	739193.488824
17.3027	-1.1555	2.0253	-189.0000	739193.488824
17.3193	-1.1555	2.0253	-192.0000	739193.488824
17.3359	-1.1555	2.0253	-195.0000	739193.488824
17.3525	-1.1555	2.0253	-198.0000	739193.488824
17.3691	-1.1555	2.0253	-201.0000	739193.488824
17.3856	-1.1555	2.0253	-204.0000	739193.488824
17.4023	-1.1555	2.0253	-207.0000	739193.488824
17.4189	-1.1555	2.0253	-210.0000	739193.488824
17.4354	-1.1555	2.0253	-213.0000	739193.488824
17.4521	-1.1555	2.0253	-216.0000	739193.488824
17.4688	-1.1555	2.0253	-219.0000	739193.488824
17.4854	-1.0998	2.0755	-222.0000	739193.488824
17.5020	-1.0440	2.1257	-222.0000	739193.488824
17.5186	-0.9883	2.1758	-222.0000	739193.488824
17.5352	-0.9326	2.2260	-222.0000	739193.488824
17.5518	-0.8768	2.2762	-222.0000	739193.488824
17.5683	-0.8211	2.3264	-222.0000	739193.488824
17.5850	-0.7654	2.3766	-222.0000	739193.488824
17.6016	-0.7096	2.4268	-222.0000	739193.488824
17.6182	-0.6539	2.4769	-222.0000	739193.488824
17.6348	-0.5982	2.5271	-222.0000	739193.488824
17.6514	-0.5451	2.5802	-225.0000	739193.488824
17.6680	-0.4949	2.6359	-228.0000	739193.488824
17.6846	-0.4477	2.6942	-231.0000	739193.488824
17.7012	-0.4477	2.6942	-234.0000	739193.488824
17.7178	-0.4477	2.6942	-237.0000	739193.488824
17.7345	-0.4477	2.6942	-240.0000	739193.488824
17.7510	-0.4477	2.6942	-243.0000	739193.488824
17.7677	-0.4477	2.6942	-246.0000	739193.488824
17.7843	-0.4477	2.6942	-249.0000	739193.488824
17.8009	-0.4477	2.6942	-252.0000	739193.488824
17.8174	-0.4477	2.6942	-255.0000	739193.488824
17.8341	-0.4477	2.6942	-258.0000	739193.488824
17.8506	-0.4477	2.6942	-261.0000	739193.488824
17.8672	-0.4477	2.6942	-264.0000	739193.488824
17.8838	-0.4477	2.6942	-267.0000	739193.488824
17.9004	-0.4477	2.6942	-270.0000	739193.488824
17.9171	-0.4477	2.6942	-273.0000	739193.488824
17.9338	-0.4477	2.6942	-276.0000	739193.488824
17.9503	-0.4556	2.7688	-276.0000	739193.488824
17.9670	-0.4634	2.8434	-276.0000	739193.488824
17.9835	-0.4713	2.9180	-276.0000	739193.488824
18.0001	-0.4791	2.9925	-276.0000	739193.488824
18.0167	-0.4869	3.0671	-276.0000	739193.488824
18.0334	-0.4948	3.1417	-276.0000	739193.488824
18.0499	-0.5026	3.2163	-276.0000	739193.488824
18.0666	-0.5105	3.2909	-276.0000	739193.488824
18.0832	-0.5183	3.3655	-276.0000	739193.488824
18.0998	-0.5261	3.4401	-276.0000	739193.488824
18.1162	-0.5340	3.5147	-276.0000	739193.488824
18.1329	-0.5418	3.5893	-276.0000	739193.488824
18.1494	-0.5497	3.6638	-276.0000	739193.488824
18.1661	-0.5575	3.7384	-276.0000	739193.488824
18.1827	-0.5653	3.8130	-276.0000	739193.488824
18.1993	-0.5732	3.8876	-276.0000	739193.488824
18.2159	-0.5810	3.9622	-276.0000	739193.488824
18.2325	-0.5889	4.0368	-276.0000	739193.488824
18.2491	-0.5967	4.1114	-276.0000	739193.488824
18.2658	-0.6045	4.1860	-276.0000	739193.488824
18.2826	-0.6124	4.2606	-276.0000	739193.488824
18.2991	-0.6202	4.3351	-276.0000	739193.488824
18.3156	-0.6281	4.4097	-276.0000	739193.488824
18.3322	-0.6359	4.4843	-276.0000	739193.488824
18.3488	-0.6437	4.5589	-276.0000	739193.488824
18.3654	-0.6516	4.6335	-276.0000	739193.488824
18.3819	-0.6594	4.7081	-276.0000	739193.488824
18.3986	-0.6673	4.7827	-276.0000	739193.488824
18.4153	-0.6751	4.8573	-276.0000	739193.488824
18.4319	-0.6790	4.9322	-273.0000	739193.488824
18.4484	-0.6790	5.0072	-270.0000	739193.488824
18.4650	-0.6751	5.0821	-267.0000	739193.488824
18.4817	-0.6673	5.1567	-264.0000	739193.488824
18.4984	-0.6555	5.2307	-261.0000	739193.488824
18.5149	-0.6399	5.3041	-258.0000	739193.488824
18.5315	-0.6205	5.3765	-255.0000	739193.488824
18.5481	-0.5973	5.4479	-252.0000	739193.488824
18.5647	-0.5705	5.5179	-249.0000	739193.488824
18.5813	-0.5400	5.5864	-246.0000	739193.488824
18.5980	-0.5059	5.6532	-243.0000	739193.488824
18.6146	-0.4684	5.7182	-240.0000	739193.488824
18.6310	-0.4276	5.7811	-237.0000	739193.488824
18.6477	-0.3835	5.8418	-234.0000	739193.488824
18.6642	-0.3363	5.9000	-231.0000	739193.488824
18.6809	-0.2861	5.9558	-228.0000	739193.488824
18.6975	-0.2331	6.0088	-225.0000	739193.488824
18.7141	-0.1773	6.0590	-222.0000	739193.488824
18.7307	-0.1190	6.1062	-219.0000	739193.488824
18.7473	-0.0584	6.1503	-216.0000	739193.488824
18.7639	0.0045	6.1911	-213.0000	739193.488824
18.7805	0.0695	6.2286	-210.0000	739193.488824
